1	4.0	0.852349042892456
2	3.0	0.9831756353378296
3	3.0	1.071709394454956
4	3.0	1.0133811235427856
5	3.0	1.0250858068466187
6	4.0	0.9345890283584595
7	3.0	0.9799178242683411
8	3.0	0.9540589451789856
9	3.0	1.048290491104126
10	4.0	0.891227126121521
11	4.0	0.864387571811676
12	2.0	1.2052689790725708
13	3.0	1.0554602146148682
14	4.0	0.8734902143478394
15	3.0	1.2212300300598145
16	4.0	0.9050779938697815
17	4.0	0.9045384526252747
18	3.0	1.016240119934082
19	2.0	1.1787495613098145
20	3.0	0.9034354090690613
21	4.0	0.9348486661911011
22	3.0	0.9770663976669312
23	3.0	1.0017130374908447
24	3.0	1.0674692392349243
25	4.0	1.0935041904449463
26	4.0	0.94767165184021
27	3.0	0.9809662103652954
28	4.0	0.8722991347312927
29	4.0	0.996823787689209
30	4.0	1.0126924514770508
31	3.0	0.9643077850341797
32	4.0	0.9641020894050598
33	3.0	0.8164966106414795
34	4.0	1.0379475355148315
35	3.0	0.9095763564109802
36	4.0	0.8673405647277832
37	4.0	1.4142135381698608
38	3.0	1.467009425163269
39	4.0	0.9636116623878479
40	4.0	0.8683448433876038
41	4.0	0.838856041431427
42	3.0	1.0206828117370605
43	3.5	0.9309892058372498
44	3.0	1.0503374338150024
45	4.0	1.0035927295684814
46	3.0	0.9724947810173035
47	4.0	0.9392299056053162
48	3.0	1.0973432064056396
49	4.0	0.9842056035995483
50	5.0	0.7488336563110352
52	4.0	0.9140490293502808
53	5.0	0.4629100561141968
54	2.0	1.1191242933273315
55	3.0	1.194685459136963
56	1.0	1.3228756189346313
57	3.0	1.0093361139297485
58	4.0	0.8973182439804077
59	3.0	1.3887301683425903
60	3.0	0.9969343543052673
61	3.0	0.9374368786811829
62	4.0	1.0149635076522827
63	3.0	1.1106659173965454
64	2.0	0.9016916751861572
65	2.0	1.0760964155197144
66	1.0	0.8505102396011353
67	3.5	0.9574271440505981
68	4.0	0.8718768954277039
69	4.0	1.0371544361114502
70	3.0	1.1787762641906738
71	2.0	1.0511062145233154
72	4.0	1.0507237911224365
73	4.0	1.02326238155365
74	3.0	1.095924973487854
75	1.5	1.0836247205734253
76	3.0	1.0311602354049683
77	4.0	0.8186768889427185
78	3.0	1.0654116868972778
79	3.0	1.0010477304458618
80	4.0	0.7851850390434265
81	3.0	1.1297858953475952
82	4.0	1.0640852451324463
83	4.0	0.847232460975647
84	3.0	1.2611408233642578
85	4.0	0.9938643574714661
86	3.0	0.9325145483016968
87	2.0	1.0239242315292358
88	3.0	1.0594121217727661
89	3.0	0.8878761529922485
90	4.0	1.0327956676483154
92	2.5	1.0158106088638306
93	2.0	0.9655717015266418
94	4.0	0.9698891639709473
95	3.0	1.0401757955551147
96	4.0	0.8623164296150208
97	4.0	1.2598450183868408
98	2.0	0.6324555277824402
99	4.0	0.9733172655105591
100	3.0	0.9618715047836304
101	4.0	0.9187104105949402
102	2.0	0.929582953453064
103	3.0	1.0827505588531494
104	4.0	1.1496180295944214
105	3.0	1.1093891859054565
106	4.0	1.5050419569015503
107	3.0	1.1067695617675781
108	3.0	1.5735915899276733
110	4.0	0.9293543100357056
111	4.0	0.8848490715026855
112	4.0	0.9492443799972534
113	3.0	0.8877493739128113
114	3.0	0.9438798427581787
116	4.0	1.0909827947616577
117	4.0	0.7873555421829224
118	3.0	1.1239081621170044
119	2.0	1.198289394378662
120	3.0	0.5773502588272095
121	4.0	0.6644107103347778
122	3.0	0.9725818037986755
123	4.0	1.0473171472549438
124	3.0	1.1883130073547363
125	4.0	0.9698385000228882
126	2.0	1.0737590789794922
127	1.0	NaN
128	4.5	0.7784988880157471
129	4.0	0.8548504114151001
130	4.0	1.4142135381698608
131	3.0	0.9287087917327881
132	3.0	1.0151480436325073
133	1.0	NaN
134	4.0	0.0
135	3.0	1.1156622171401978
136	4.0	1.4880475997924805
137	3.0	1.154700517654419
138	2.5	2.1213202476501465
139	4.0	NaN
140	3.0	1.1137944459915161
141	4.0	0.954781711101532
142	1.0	NaN
144	3.0	0.9220266938209534
145	3.0	1.0358844995498657
146	3.0	1.409584403038025
147	4.0	1.0512938499450684
148	3.0	1.126399040222168
149	4.0	0.8581113219261169
150	4.0	0.8016164302825928
151	4.0	0.941476583480835
152	3.0	1.163159966468811
153	3.0	1.0469260215759277
154	4.0	0.9070741534233093
155	4.0	1.0515962839126587
156	3.0	1.0247515439987183
157	3.0	1.1972880363464355
158	3.0	1.0132895708084106
159	3.0	0.9022293090820312
160	2.0	1.0112371444702148
161	4.0	0.8574036359786987
162	4.0	1.041039228439331
163	4.0	0.9935039281845093
164	4.0	0.8683640360832214
165	4.0	1.0067493915557861
166	2.0	1.2854801416397095
167	3.0	0.8944271802902222
168	3.0	1.1301772594451904
169	2.0	1.0262823104858398
170	3.0	1.120990514755249
171	4.0	1.0467109680175781
172	3.0	1.104816198348999
173	2.0	1.0326119661331177
174	2.0	1.1687815189361572
175	4.0	1.1914561986923218
176	4.0	0.8563202619552612
177	3.0	1.1393837928771973
178	4.0	0.7723283767700195
179	2.0	0.8981858491897583
180	4.0	1.1132781505584717
181	1.0	0.8972452282905579
182	3.0	1.0801234245300293
183	4.0	0.949461817741394
184	3.0	1.0561176538467407
185	3.0	0.9985666275024414
186	3.0	0.9713805317878723
187	3.0	1.0699012279510498
188	3.0	1.128551721572876
189	3.0	0.9856106638908386
190	4.0	1.1043989658355713
191	2.0	1.0440735816955566
192	3.0	1.4142135381698608
193	2.0	1.085344910621643
194	4.0	0.9598183631896973
195	3.0	0.9062764644622803
196	3.0	0.9989885687828064
197	3.0	1.0880364179611206
198	3.0	1.0532453060150146
199	4.0	1.1441869735717773
200	2.5	1.0836246013641357
201	3.0	1.0844981670379639
202	2.0	1.106407642364502
203	3.0	1.169758677482605
204	3.0	1.06412935256958
205	4.0	1.1137040853500366
206	4.0	1.0547349452972412
207	3.0	1.094523310661316
208	3.0	1.1296857595443726
209	2.0	0.9992455840110779
210	3.0	0.9370425939559937
211	4.0	0.7463516592979431
212	2.0	0.9972490072250366
213	4.0	1.0267002582550049
214	4.0	0.8443713784217834
215	4.0	1.01248037815094
216	3.0	1.2499709129333496
217	3.0	1.0910894870758057
218	3.0	1.0148248672485352
219	3.0	0.9579921364784241
220	2.0	0.9048663377761841
222	4.0	0.8581035137176514
223	4.0	1.011975646018982
224	3.0	0.9560880064964294
225	3.0	0.9247957468032837
226	2.0	NaN
227	3.0	0.9855421781539917
228	2.0	0.9870962500572205
229	4.0	1.0185201168060303
230	4.0	0.9229983687400818
231	3.0	1.3213340044021606
232	4.0	0.8058601021766663
233	4.0	1.131827473640442
234	2.0	1.102896809577942
235	4.0	1.0127733945846558
236	3.0	0.9718124866485596
237	3.0	1.009351372718811
238	3.0	1.3060035705566406
239	3.0	1.189713954925537
240	3.0	1.1205155849456787
241	3.0	1.1052939891815186
242	4.0	1.0433635711669922
243	2.5	0.9944289922714233
244	2.0	0.8755950331687927
245	3.0	1.0
246	4.0	0.8375328183174133
247	4.0	0.9564182162284851
248	3.0	1.0071150064468384
249	4.0	0.9441972374916077
250	3.0	1.1919269561767578
251	3.0	0.9582802057266235
252	3.0	0.8875197172164917
253	4.0	1.034061074256897
254	3.0	0.8180918097496033
255	2.0	1.079584002494812
256	3.0	1.0461794137954712
257	3.0	1.06459641456604
258	2.0	1.1622247695922852
259	3.0	1.012252688407898
260	5.0	0.8007814884185791
261	4.0	0.9324203729629517
262	4.0	0.9887838363647461
263	4.0	1.00790536403656
264	4.0	1.3038403987884521
265	4.0	1.0009760856628418
266	4.0	1.0912505388259888
267	3.0	1.2282229661941528
268	3.5	0.8533241748809814
269	4.0	0.8131908774375916
270	3.0	1.0794469118118286
271	3.0	0.9307845830917358
272	4.0	0.8835543394088745
273	3.0	1.081908941268921
274	2.5	1.013495922088623
275	2.0	1.030469298362732
276	3.0	0.9855986833572388
277	3.0	0.958755373954773
278	3.0	0.9540735483169556
279	4.0	0.981224775314331
280	4.0	0.8596770167350769
281	4.0	0.8538488149642944
282	3.0	1.113393783569336
283	3.0	1.0289915800094604
286	3.0	NaN
287	3.0	0.9952267408370972
288	3.0	1.307197093963623
289	3.0	0.9222806692123413
290	4.0	0.9503652453422546
291	2.0	0.9884081482887268
292	3.0	0.9321653246879578
293	4.0	0.8610620498657227
294	3.0	0.9830145835876465
295	3.0	0.8304547667503357
296	5.0	0.9799762964248657
297	3.0	1.2863755226135254
298	4.0	0.6683114767074585
299	4.0	1.0066264867782593
300	4.0	0.8109717965126038
301	3.0	0.9394749999046326
302	4.0	0.9642024636268616
303	3.0	0.9937002658843994
304	3.0	1.0611552000045776
305	3.0	1.0302873849868774
306	4.0	0.8780011534690857
307	4.0	0.9351477026939392
308	4.0	0.9270862936973572
309	4.0	1.0945950746536255
310	2.5	1.2110601663589478
311	3.0	NaN
312	2.0	1.1051170825958252
313	3.0	1.1601343154907227
314	4.0	0.9436476230621338
315	3.0	1.1993428468704224
316	4.0	1.0017409324645996
317	3.0	1.0242385864257812
318	5.0	0.7004434466362
319	4.0	0.8785016536712646
320	3.0	1.0429292917251587
321	4.0	0.9426154494285583
322	4.0	1.0066494941711426
324	4.0	0.7699370384216309
325	2.0	1.173690915107727
326	5.0	0.8343712091445923
327	3.0	1.277696967124939
328	3.0	1.051878571510315
329	3.0	0.9657812714576721
330	3.0	1.0882092714309692
331	3.0	0.8309490084648132
332	3.0	1.0720911026000977
333	4.0	1.143168330192566
334	4.0	1.0380139350891113
335	4.0	0.8978294134140015
336	2.0	1.157230019569397
337	4.0	0.9016222357749939
338	3.0	1.0289912223815918
339	4.0	0.9372023940086365
340	3.0	0.935912013053894
341	4.0	1.0359140634536743
342	4.0	0.9962784051895142
343	2.0	1.2905445098876953
344	3.0	1.140479564666748
345	4.0	1.0099372863769531
346	4.0	0.9523295164108276
347	3.0	1.1982274055480957
348	4.0	0.950019896030426
349	4.0	0.8241305351257324
350	3.0	0.8741501569747925
351	3.0	1.0305252075195312
352	3.0	1.1268994808197021
353	4.0	1.0927798748016357
354	3.0	0.9680560231208801
355	2.0	1.0128995180130005
356	4.0	1.0106565952301025
357	4.0	0.9341133236885071
358	3.0	1.0754221677780151
359	3.0	0.8549818396568298
360	2.0	1.1046366691589355
361	3.0	0.8640860319137573
362	3.0	0.9816181063652039
363	4.0	0.8084692358970642
364	4.0	0.9646778106689453
365	3.0	0.9409096240997314
366	3.0	1.237629771232605
367	3.0	1.0273014307022095
368	4.0	0.9559940099716187
369	3.0	0.9770505428314209
370	3.0	1.0529956817626953
371	3.0	0.9163821935653687
372	3.0	0.9456173777580261
373	4.0	0.8173553347587585
374	2.0	1.049830436706543
375	3.0	0.8488747477531433
376	3.0	0.887464165687561
377	4.0	0.9649513959884644
378	3.0	0.9869404435157776
379	3.0	1.0156406164169312
380	4.0	0.9387084245681763
381	3.0	1.0434913635253906
382	3.0	1.0812194347381592
383	3.0	0.9222579002380371
384	3.0	1.0076628923416138
385	3.0	0.8432740569114685
386	3.0	1.1626367568969727
387	3.0	0.9818781614303589
388	4.0	0.9149865508079529
389	4.0	0.8645047545433044
390	4.0	1.103630781173706
391	3.0	1.0124226808547974
392	3.0	1.2247450351715088
393	2.0	0.9944902658462524
394	3.5	1.028991460800171
396	4.0	NaN
397	2.5	1.0836246013641357
398	4.0	NaN
401	3.0	1.4142135381698608
402	3.0	NaN
404	3.5	0.9574271440505981
405	2.0	1.129972219467163
406	4.0	0.7440237998962402
407	3.0	1.236388921737671
408	3.0	1.1237057447433472
409	3.0	0.9239811301231384
410	3.0	1.0139800310134888
411	3.0	1.4455945491790771
412	4.0	0.9197602868080139
413	3.0	1.0342893600463867
414	3.0	1.007400631904602
415	2.0	0.9200679659843445
416	2.0	1.054079294204712
417	4.0	1.0261245965957642
418	2.0	1.0895835161209106
419	2.0	0.9713003039360046
420	2.0	1.0294641256332397
421	3.0	1.0761449337005615
422	3.0	0.9462364315986633
423	3.0	0.9327234625816345
424	3.0	0.986393928527832
425	4.0	0.8491545915603638
426	3.0	0.9777381420135498
427	2.0	1.097060203552246
428	4.0	0.8622013926506042
429	2.0	1.1914633512496948
430	2.0	0.8805466294288635
431	4.0	0.8734919428825378
432	3.0	0.9562675952911377
433	3.0	0.9443750977516174
434	3.0	1.0202995538711548
435	3.0	1.0577887296676636
436	3.0	1.0622467994689941
437	2.0	0.9159899950027466
438	3.0	1.0217015743255615
439	4.5	0.7071067690849304
440	4.0	0.8059956431388855
441	4.0	1.0266265869140625
442	3.0	1.042868971824646
443	4.0	1.0544323921203613
444	2.0	1.1005046367645264
445	3.0	1.0720977783203125
446	4.0	0.8510944247245789
447	3.0	0.8896054029464722
448	4.0	1.0339614152908325
449	4.0	1.1945552825927734
450	3.0	0.9434109926223755
451	3.0	0.9236828684806824
452	3.0	0.8976818919181824
453	3.0	0.8315905332565308
454	4.0	0.8294011354446411
455	3.0	1.0464023351669312
456	4.0	0.8209220767021179
457	4.0	0.7727674245834351
458	3.0	0.9846453070640564
459	3.0	0.9999014735221863
460	2.0	1.057386040687561
461	3.0	1.0699222087860107
462	3.0	1.0959279537200928
463	3.0	0.966123640537262
464	3.0	1.031533122062683
465	3.0	1.1292811632156372
466	3.0	1.0750732421875
467	3.0	1.01646089553833
468	3.0	0.9351682066917419
469	3.0	1.2179394960403442
470	1.0	0.9207578897476196
471	4.0	1.0324656963348389
472	3.0	1.0247981548309326
473	2.0	1.0209280252456665
474	4.0	0.7783501148223877
475	4.0	0.8293644189834595
476	3.0	1.022437334060669
477	4.0	0.9153153896331787
478	3.0	0.8836272358894348
479	3.0	0.982879638671875
480	4.0	0.969785213470459
481	3.0	0.9798900485038757
482	4.0	1.0525004863739014
483	4.0	0.8449819684028625
484	3.0	1.0782214403152466
485	2.0	1.0450453758239746
486	3.0	1.0819587707519531
487	2.5	1.1213990449905396
488	3.0	0.9628733992576599
489	3.0	0.9252563714981079
490	3.0	0.9456434845924377
491	3.0	0.9484961032867432
492	4.0	0.8575550317764282
493	4.0	0.9899547100067139
494	3.0	0.9185575842857361
495	4.0	1.0809297561645508
496	3.0	1.3361454010009766
497	4.0	0.8802129030227661
498	3.0	0.9883688688278198
499	3.0	0.8786970973014832
500	3.0	0.986255943775177
501	4.0	1.165988564491272
502	2.0	0.9375112056732178
503	4.0	1.0315535068511963
504	3.0	1.0673388242721558
505	2.0	1.0091227293014526
506	4.0	1.1843047142028809
507	4.0	0.9182188510894775
508	4.0	0.9031614661216736
509	4.0	1.1244785785675049
510	2.5	0.9642266035079956
511	3.0	1.0927683115005493
512	3.0	1.1067839860916138
513	3.0	0.9617278575897217
514	4.0	0.9296276569366455
515	4.0	0.9532004594802856
516	3.0	1.0017613172531128
517	3.0	0.9436185359954834
518	2.0	1.0621451139450073
519	2.0	0.9391621947288513
520	3.0	1.1672362089157104
521	4.0	0.9790770411491394
522	4.0	1.0144416093826294
523	4.0	0.9483414888381958
524	4.0	0.9718598127365112
525	3.0	1.2090924978256226
526	2.5	1.1952285766601562
527	5.0	0.7638736963272095
528	2.0	1.0857651233673096
529	4.0	0.8133501410484314
530	3.5	0.7071067690849304
531	4.0	0.9621937870979309
532	3.0	1.2227126359939575
533	3.0	0.9990977644920349
534	4.0	0.9427036046981812
535	4.0	0.9881795644760132
536	3.0	1.0674238204956055
537	3.0	0.9723433256149292
538	4.0	0.8779752850532532
539	4.0	0.959868311882019
540	2.0	0.9414380192756653
541	4.0	0.8750565052032471
542	3.0	1.1416915655136108
543	3.0	1.0277680158615112
544	3.0	0.908281683921814
545	2.0	NaN
546	2.0	1.0441097021102905
547	3.0	1.032738447189331
548	3.0	0.9312455654144287
549	4.0	1.0771702527999878
550	3.0	1.096860647201538
551	4.0	1.0702520608901978
552	3.0	0.9947889447212219
553	4.0	1.047025442123413
554	3.0	0.9413574934005737
555	4.0	0.9648615121841431
556	4.0	0.7675760388374329
557	4.5	0.7071067690849304
558	3.0	1.1067911386489868
559	3.0	2.0
560	4.0	0.5175491571426392
561	4.0	0.96076899766922
562	4.0	1.0387898683547974
563	3.0	0.9701425433158875
564	2.0	0.9629499912261963
565	3.0	1.0874347686767578
566	3.0	0.9540735483169556
567	3.5	1.2224997282028198
568	4.0	0.912103533744812
569	3.0	0.9347933530807495
570	3.0	1.2776583433151245
571	4.0	0.8916327357292175
572	3.0	2.8284270763397217
573	4.0	1.0779167413711548
574	4.0	1.0373331308364868
575	3.0	1.1477059125900269
576	3.0	NaN
577	3.0	1.0534539222717285
578	4.5	0.7071067690849304
579	2.0	NaN
580	3.0	1.035207748413086
581	4.0	0.8890305161476135
582	3.0	0.0
583	4.0	1.1880134344100952
584	4.0	NaN
585	3.0	1.0986803770065308
586	3.0	1.0831425189971924
587	4.0	1.0512276887893677
588	4.0	0.9558572173118591
589	4.0	0.9048173427581787
590	4.0	1.0200045108795166
591	2.0	1.4142135381698608
592	4.0	0.9827753305435181
593	5.0	0.8315529227256775
594	4.0	0.9527931213378906
595	4.0	1.028937578201294
596	4.0	0.9485010504722595
597	4.0	1.0447219610214233
598	4.5	0.8864052295684814
599	4.0	0.9331151247024536
600	3.0	1.1141719818115234
601	3.0	NaN
602	4.0	0.9796711802482605
603	3.0	1.0429378747940063
605	3.0	0.896150529384613
606	2.0	1.0439164638519287
607	2.0	1.4142135381698608
608	5.0	0.9495583772659302
609	3.0	0.9972821474075317
610	4.0	1.0735808610916138
611	2.0	1.271938681602478
612	2.0	0.9270713329315186
613	4.0	0.9363999366760254
614	3.0	0.866025447845459
615	4.0	0.944407045841217
616	3.0	1.0327725410461426
617	3.0	1.0571882724761963
618	2.0	1.3642255067825317
619	3.0	1.011526346206665
621	4.0	0.9444501399993896
623	3.0	1.0
624	4.0	NaN
626	2.0	1.194529414176941
627	4.0	1.0122520923614502
628	4.0	0.8317660093307495
630	3.0	1.2149858474731445
631	2.0	1.1712779998779297
632	4.0	1.0801234245300293
633	4.0	0.940324604511261
634	1.0	1.154700517654419
635	4.0	0.7615594267845154
637	3.0	1.1083163022994995
638	3.0	1.0316625833511353
639	3.0	1.0718445777893066
640	3.0	0.9528099298477173
641	1.0	NaN
642	2.0	NaN
643	2.0	1.0
644	2.0	NaN
645	3.5	0.8207826018333435
647	4.0	0.8215809464454651
648	4.0	0.9770931005477905
649	4.0	0.8341662287712097
650	4.0	0.9425526857376099
651	2.0	NaN
652	3.0	0.7817360162734985
653	3.0	0.9783910512924194
655	1.0	NaN
656	3.0	1.1190898418426514
657	3.0	0.0
658	3.0	NaN
659	4.0	1.1733143329620361
660	1.5	0.7071067690849304
661	4.0	1.0232001543045044
662	3.0	0.9879938960075378
663	4.0	1.1033419370651245
664	3.0	0.7559289336204529
665	4.0	1.186761736869812
666	3.0	1.5275253057479858
667	2.0	1.062348484992981
668	5.0	0.9245344996452332
669	5.0	1.1928638219833374
670	5.0	1.0229514837265015
671	4.0	1.1302560567855835
672	2.0	0.0
673	3.0	1.016461968421936
674	3.0	1.1731928586959839
678	4.0	0.8504902720451355
679	3.5	0.7071067690849304
680	3.0	1.1733440160751343
681	4.0	1.0327954292297363
682	4.0	1.7320507764816284
684	1.0	NaN
685	3.0	1.0553638935089111
687	2.0	1.7320507764816284
688	2.0	0.9777175784111023
690	2.0	1.4142135381698608
691	3.0	1.1060810089111328
692	2.0	1.080747127532959
694	3.0	1.0009617805480957
695	3.0	0.9293445944786072
696	3.0	1.2583057880401611
697	3.0	1.0522754192352295
698	2.0	0.8366599678993225
700	3.0	1.0467058420181274
701	4.0	NaN
702	4.0	0.9607688188552856
703	1.0	0.8432740569114685
704	2.0	1.1367065906524658
705	4.0	0.774596631526947
706	2.5	2.1213202476501465
707	3.0	0.9039751291275024
708	3.0	0.9062462449073792
709	3.0	1.0503084659576416
710	2.0	1.051982045173645
711	3.0	1.082650065422058
712	3.5	0.7071067690849304
714	4.0	1.097578763961792
715	4.0	1.0692466497421265
716	3.0	1.123934030532837
717	4.0	NaN
718	4.0	1.3720698356628418
719	3.0	1.0380226373672485
720	5.0	0.8049663305282593
722	4.0	0.681459903717041
724	3.0	1.0213221311569214
725	3.0	1.038337230682373
726	3.0	0.5
728	4.0	0.9001388549804688
729	4.0	1.5275253057479858
730	1.0	NaN
731	3.0	0.8335031270980835
732	3.0	0.9831921458244324
733	4.0	0.9624348878860474
734	3.0	1.0
735	4.0	1.3006476163864136
736	3.0	1.1014536619186401
737	2.0	1.0892144441604614
741	4.0	0.9415895938873291
742	3.0	1.110528826713562
743	3.0	1.1983650922775269
744	2.0	1.0
745	5.0	0.6671445965766907
746	4.0	0.7745966911315918
747	2.0	1.154700517654419
748	3.0	0.9626227617263794
749	3.0	1.2583057880401611
750	5.0	0.8055018782615662
751	4.0	1.3557637929916382
753	3.0	0.9540871381759644
754	3.0	1.3821202516555786
755	4.0	0.44095858931541443
756	3.0	0.8164966106414795
757	4.0	0.5
758	4.0	NaN
759	4.0	1.0119106769561768
760	4.0	0.9721501469612122
761	3.0	1.0421606302261353
762	2.0	0.992986798286438
763	3.0	NaN
764	3.0	0.9551206827163696
765	3.0	1.0566027164459229
766	4.0	0.9455369710922241
767	3.0	0.7790276408195496
769	3.5	1.2154310941696167
771	4.0	1.0602750778198242
774	4.0	NaN
775	3.0	1.201850414276123
776	3.5	1.4142135381698608
778	4.0	1.0216296911239624
779	3.0	1.0201590061187744
780	4.0	1.1079211235046387
781	4.0	1.0582678318023682
782	3.0	1.020151138305664
783	3.0	1.0211032629013062
784	3.0	1.117924451828003
785	4.0	1.1203105449676514
786	3.0	1.0161391496658325
787	5.0	0.0
788	3.0	1.0698833465576172
789	3.0	1.4142135381698608
790	3.0	NaN
791	3.5	0.7071067690849304
792	4.0	NaN
793	2.0	1.4298405647277832
796	4.0	1.154700517654419
798	3.0	0.9784694314002991
799	3.0	1.0260761976242065
800	4.0	0.9089794754981995
801	3.0	1.1503978967666626
802	4.0	0.9914506673812866
803	4.0	0.909432590007782
804	3.0	0.971340537071228
805	4.0	0.9339803457260132
806	3.0	0.8668406009674072
807	3.5	1.17669677734375
808	4.0	1.094130277633667
809	3.0	0.9693093299865723
810	1.0	0.7984580397605896
811	4.0	0.9279607534408569
813	3.0	1.060605764389038
814	3.0	NaN
815	1.5	1.2649110555648804
818	3.0	1.1451807022094727
820	4.0	1.5
821	2.0	1.4142135381698608
823	3.5	1.7078251838684082
824	4.0	1.0862293243408203
826	1.0	NaN
827	3.0	0.0
828	3.0	1.2479192018508911
829	2.0	1.1333307027816772
830	3.0	1.0869290828704834
831	4.0	0.9333019852638245
832	4.0	0.9182805418968201
833	2.0	0.9769231081008911
834	2.0	1.154700517654419
835	3.0	0.9968542456626892
836	3.0	1.007657527923584
837	4.0	1.0698758363723755
838	4.0	0.9303934574127197
839	2.0	1.102136254310608
840	3.0	1.1277574300765991
841	4.0	1.4433759450912476
842	3.0	1.156266689300537
843	1.0	NaN
844	4.0	0.9758999943733215
846	4.0	1.0826444625854492
847	2.0	0.8997353911399841
848	4.0	1.0727088451385498
849	2.0	1.1040823459625244
850	4.0	0.9222659468650818
851	4.0	0.9074121713638306
852	3.0	0.9394732713699341
853	4.0	1.0
854	4.5	1.7677669525146484
858	5.0	0.7807389497756958
859	2.0	NaN
860	4.0	0.8432739973068237
861	4.0	0.9855684041976929
862	4.0	0.8774352669715881
863	3.5	0.8498365879058838
864	4.0	0.9962049126625061
865	2.0	NaN
866	4.0	0.9480103850364685
867	2.0	1.1025333404541016
868	3.0	NaN
869	3.0	0.8499504923820496
870	2.0	1.0930360555648804
872	3.0	NaN
874	3.0	1.552647590637207
875	4.0	1.1251025199890137
876	3.0	1.27615487575531
877	3.0	1.160178542137146
878	4.0	NaN
879	3.0	1.0890568494796753
880	2.0	1.0527280569076538
881	3.0	1.1125952005386353
882	3.0	1.0347557067871094
884	3.0	0.0
885	2.0	1.2952762842178345
886	3.0	1.0596479177474976
887	2.5	2.1213202476501465
888	2.0	1.2540713548660278
889	2.5	0.7071067690849304
891	2.0	1.2363479137420654
892	4.0	0.8843702673912048
893	4.0	1.0044660568237305
895	1.0	0.0
896	4.0	1.1181215047836304
897	4.0	0.9201213717460632
898	4.0	0.8342725038528442
899	5.0	0.8888818621635437
900	4.0	0.9903296828269958
901	4.0	1.036636471748352
902	4.0	0.960180938243866
903	4.0	0.7965532541275024
904	5.0	0.6889466047286987
905	4.0	0.804681122303009
906	4.0	0.8239263296127319
907	4.0	0.9775881767272949
908	5.0	0.7325124740600586
909	4.0	0.8090021014213562
910	4.0	0.8215512633323669
911	4.0	0.8253209590911865
912	5.0	0.8276370167732239
913	5.0	0.7747625112533569
914	4.0	0.8738563060760498
915	4.0	0.8778977990150452
916	4.0	0.8356520533561707
917	4.0	0.9657500386238098
918	4.0	1.0025296211242676
919	4.0	0.8959735631942749
920	4.0	1.0539556741714478
921	4.0	0.8284989595413208
922	5.0	0.7409206628799438
923	5.0	0.8655007481575012
924	4.0	1.0425043106079102
925	3.0	1.0552897453308105
926	4.0	0.8355819582939148
927	4.0	1.017630696296692
928	4.0	0.8135700821876526
929	4.0	0.857822060585022
930	4.0	0.7510266900062561
931	4.0	0.8509032726287842
932	4.0	1.0068148374557495
933	4.0	0.8106036186218262
934	4.0	0.9516714215278625
935	4.0	1.098563313484192
936	4.0	0.8160709738731384
937	4.0	1.1023231744766235
938	4.0	1.087669014930725
939	3.0	1.3280197381973267
940	4.0	0.9122445583343506
941	4.0	0.865179181098938
942	4.0	0.7712152600288391
943	4.0	0.8573112487792969
944	4.0	0.9458037614822388
945	4.0	0.8427239060401917
946	4.0	1.0137261152267456
947	4.0	0.8333688974380493
948	4.0	0.9070062637329102
949	4.0	0.8777734637260437
950	4.0	0.7715290784835815
951	4.0	0.8107730150222778
952	4.0	0.8945073485374451
953	5.0	0.9054189920425415
954	4.0	0.8055763244628906
955	4.0	0.9554880857467651
956	4.0	0.9323253631591797
957	3.0	1.2111842632293701
958	3.0	0.8697185516357422
959	4.0	1.001057744026184
960	3.5	1.3168941736221313
961	4.0	1.2011191844940186
962	4.0	1.035725474357605
963	4.0	1.03890061378479
964	3.0	0.9813955426216125
965	4.0	0.8535003066062927
966	4.0	0.6324555277824402
967	3.0	1.0961666107177734
968	4.0	1.1557713747024536
969	4.0	0.8205751180648804
970	4.0	1.165701150894165
971	4.0	0.8528306484222412
972	3.0	0.7527726292610168
973	4.0	0.9454399943351746
974	4.0	0.7745966911315918
975	1.5	0.7071067690849304
976	4.0	1.076309323310852
977	2.0	0.0
978	4.0	1.1175364255905151
980	3.0	1.3038403987884521
981	2.5	1.7078251838684082
982	4.0	0.9464040994644165
984	3.0	1.108677864074707
985	4.0	1.2583057880401611
986	4.0	1.0182701349258423
987	3.0	0.98188716173172
988	3.0	1.0585986375808716
989	5.0	NaN
990	3.0	0.9437351822853088
991	4.0	0.8648499846458435
992	3.0	1.0954450368881226
993	3.0	1.054092526435852
994	4.0	0.8186175227165222
996	3.0	1.1267688274383545
997	3.0	0.9893614053726196
998	3.0	1.0580397844314575
999	3.0	0.9215924143791199
1000	3.0	1.2343759536743164
1002	4.5	0.8864052295684814
1003	3.0	0.8688832521438599
1004	3.0	1.168565034866333
1005	2.0	1.1147568225860596
1006	3.0	0.9559911489486694
1007	3.0	0.9325569272041321
1008	3.0	0.943416953086853
1009	3.0	1.0372039079666138
1010	3.0	0.9801802635192871
1011	3.0	1.0106134414672852
1012	4.0	0.9568786025047302
1013	4.0	1.031375527381897
1014	3.0	1.137761116027832
1015	4.0	1.0542426109313965
1016	3.0	0.9318367838859558
1017	4.0	0.8715996146202087
1018	3.0	1.0604170560836792
1019	4.0	0.8696836233139038
1020	3.0	0.9667867422103882
1021	3.0	1.1222903728485107
1022	4.0	0.9705274701118469
1023	4.0	1.0552010536193848
1024	3.0	0.9772325158119202
1025	4.0	0.9059255719184875
1026	4.0	1.1877349615097046
1027	3.0	1.0257383584976196
1028	4.0	1.0097010135650635
1029	4.0	0.9630225896835327
1030	3.0	1.0500906705856323
1031	4.0	0.951031506061554
1032	4.0	0.9737498164176941
1033	3.0	0.9589771628379822
1034	4.0	1.1092100143432617
1035	4.0	1.1324939727783203
1036	4.0	0.8609845638275146
1037	3.0	1.0631319284439087
1038	3.0	0.9045340418815613
1039	4.0	0.5773502588272095
1040	3.0	1.0
1041	4.0	0.8931496739387512
1042	4.0	0.9620984196662903
1043	3.0	1.0154138803482056
1044	3.0	0.9873145818710327
1046	4.0	1.129780888557434
1047	4.0	1.0444915294647217
1049	3.0	1.0471447706222534
1050	4.0	1.0483816862106323
1051	4.0	0.9624219536781311
1053	3.0	1.0674717426300049
1054	4.0	1.1251884698867798
1055	3.0	1.0975784063339233
1056	4.0	0.8134077787399292
1057	4.0	0.9522796869277954
1058	3.0	1.103712797164917
1059	4.0	1.1670527458190918
1060	4.0	0.962553083896637
1061	4.0	0.9470381736755371
1062	2.5	0.7071067690849304
1063	3.0	1.2551432847976685
1064	3.0	1.064469337463379
1066	4.0	0.9039942622184753
1067	4.0	1.241572380065918
1068	4.0	0.9321520924568176
1069	4.0	0.9453811049461365
1070	3.0	0.0
1071	3.0	1.140175461769104
1073	4.0	1.0161690711975098
1076	4.0	0.9045340418815613
1077	4.0	0.9021388292312622
1078	4.0	0.8917058110237122
1079	4.0	0.9246711730957031
1080	4.0	0.9338600039482117
1081	4.0	1.0040427446365356
1082	4.0	0.7680708169937134
1083	4.0	0.9295681118965149
1084	4.0	0.8209364414215088
1085	4.0	0.9710421562194824
1086	4.0	0.7760053277015686
1087	4.0	1.041617751121521
1088	3.0	1.1689274311065674
1089	4.0	0.9911300539970398
1090	4.0	0.8656274080276489
1091	3.0	1.0614256858825684
1092	4.0	0.9608503580093384
1093	3.0	0.9322865009307861
1094	4.0	1.005437970161438
1095	4.0	1.0348082780838013
1096	4.0	0.9894686341285706
1097	4.0	0.947522759437561
1098	2.0	0.547722578048706
1099	4.0	0.9047346115112305
1100	3.0	1.0379198789596558
1101	4.0	1.0295469760894775
1102	1.5	1.4142135381698608
1103	4.0	0.851300835609436
1104	4.0	0.8477475047111511
1105	1.0	1.1160844564437866
1107	2.0	1.0
1111	4.0	0.855961263179779
1112	3.0	0.9787662029266357
1113	3.0	1.1065666675567627
1114	3.0	1.1177934408187866
1115	1.0	NaN
1116	3.0	0.8702601790428162
1117	4.5	0.9653072953224182
1118	2.0	NaN
1119	3.0	0.9464257955551147
1120	4.0	0.8475347757339478
1121	3.0	0.8623164296150208
1123	4.0	1.0975178480148315
1124	4.0	0.9670006036758423
1125	4.0	0.9132009744644165
1126	2.0	1.1584528684616089
1127	4.0	0.9480991363525391
1128	3.0	1.0658929347991943
1129	4.0	0.9647887945175171
1130	3.0	0.9965502619743347
1131	5.0	0.827760636806488
1132	4.0	0.8391996026039124
1133	2.0	1.4142135381698608
1134	3.0	0.0
1135	3.0	0.915698230266571
1136	5.0	0.8738689422607422
1138	4.0	1.4638499021530151
1139	4.0	0.0
1142	1.0	0.0
1144	4.0	0.6831300258636475
1145	2.5	0.7071067690849304
1147	4.0	0.7949207425117493
1148	5.0	0.7086645364761353
1149	4.0	1.7320507764816284
1150	4.0	0.8604323863983154
1151	4.0	1.3132903575897217
1152	3.0	1.021926999092102
1153	3.0	1.157868504524231
1154	4.0	0.8837151527404785
1160	2.0	1.3291600942611694
1161	4.0	0.9545258283615112
1162	4.0	0.9070266485214233
1163	3.0	1.393384575843811
1164	4.0	1.673319935798645
1165	1.0	NaN
1167	3.0	0.9996567368507385
1168	2.0	1.055641531944275
1169	4.0	1.0586003065109253
1170	2.0	0.7018882632255554
1171	4.0	0.9540674686431885
1172	4.0	0.8407967686653137
1173	4.0	1.22361421585083
1174	4.0	1.0954450368881226
1175	4.0	0.989035427570343
1176	4.0	0.9980598092079163
1177	4.0	0.9326390624046326
1178	5.0	0.8075597286224365
1179	4.0	0.9207769632339478
1180	4.0	1.0567567348480225
1181	3.0	0.9944289326667786
1183	4.0	1.1858433485031128
1184	4.0	0.8058095574378967
1185	4.0	0.9074437618255615
1186	4.0	0.9564579725265503
1187	4.0	0.8874822854995728
1188	4.0	0.9988076090812683
1189	4.0	0.8393538594245911
1190	4.0	0.9689555168151855
1191	3.0	1.0335513353347778
1192	4.0	0.9947664141654968
1193	5.0	0.7895205616950989
1194	4.0	1.0773011445999146
1196	4.0	0.8444308042526245
1197	5.0	0.8500599265098572
1198	5.0	0.7256595492362976
1199	4.0	1.0556436777114868
1200	4.0	0.9243353009223938
1201	4.0	0.8920265436172485
1202	4.0	1.0948729515075684
1203	4.0	0.8127357363700867
1204	5.0	0.8226833343505859
1205	4.0	1.2929174900054932
1206	4.0	1.108338475227356
1207	5.0	0.7888646721839905
1208	4.0	0.915328323841095
1209	4.0	0.9938974380493164
1210	4.0	0.9273505806922913
1211	4.0	1.0306265354156494
1212	5.0	0.757561206817627
1213	4.0	0.8724621534347534
1214	4.0	0.913321316242218
1215	4.0	1.050013542175293
1216	4.0	1.0978589057922363
1217	4.0	0.8483052849769592
1218	4.0	0.926425039768219
1219	4.0	0.8900243639945984
1220	4.0	0.9542248249053955
1221	5.0	0.8688966631889343
1222	4.0	0.8622519373893738
1223	5.0	0.7663177251815796
1224	4.0	0.7807402014732361
1225	4.0	0.8234385848045349
1226	4.0	0.9076539278030396
1227	4.0	0.9139684438705444
1228	4.0	0.866173505783081
1230	4.0	0.9684481620788574
1231	4.0	0.8245275020599365
1232	4.0	1.2684534788131714
1233	4.0	0.8241788148880005
1234	4.0	0.7594030499458313
1235	4.0	0.9128929972648621
1236	4.0	0.8332211375236511
1237	5.0	0.9780759215354919
1238	4.0	0.9971387386322021
1240	4.0	0.8526329398155212
1241	4.0	1.464910626411438
1242	4.0	0.7762410044670105
1243	4.0	1.072846531867981
1244	4.0	0.8663476705551147
1245	4.0	0.8981603384017944
1246	4.0	0.9124230742454529
1247	4.0	0.8337150812149048
1248	4.0	0.8841525912284851
1249	4.0	0.8931884169578552
1250	5.0	0.7538665533065796
1251	4.0	0.9467617273330688
1252	5.0	0.8187094926834106
1253	4.0	0.8570151925086975
1254	4.0	0.8025371432304382
1255	4.0	1.1898711919784546
1256	4.0	0.9152036905288696
1257	4.0	0.8983367681503296
1258	4.0	0.9441356658935547
1259	4.0	0.7966558337211609
1260	4.0	0.8288729786872864
1261	4.0	1.1203075647354126
1262	4.0	0.6925837397575378
1263	4.0	0.943715512752533
1264	4.0	0.8910073041915894
1265	4.0	0.9291987419128418
1266	4.0	0.9215726852416992
1267	5.0	0.7826703190803528
1268	4.0	0.9399484395980835
1269	4.0	0.8369261622428894
1270	4.0	0.8651848435401917
1271	4.0	0.9732022285461426
1272	4.0	0.8077008128166199
1273	4.0	0.9203775525093079
1274	4.0	0.9922166466712952
1275	4.0	0.9948955774307251
1276	4.0	0.7833771705627441
1277	4.0	0.9359893202781677
1278	4.0	0.8728145360946655
1279	4.0	0.9990254044532776
1280	4.0	0.7886934280395508
1281	4.0	0.9806811213493347
1282	4.0	1.0901073217391968
1283	4.0	0.879756510257721
1284	4.0	0.7772272825241089
1285	4.0	0.9675015807151794
1286	4.0	1.0263161659240723
1287	4.0	0.8935966491699219
1288	4.0	0.96346116065979
1289	4.0	1.079343557357788
1290	4.0	0.8451822400093079
1291	4.0	0.8177751302719116
1292	4.0	0.9793547987937927
1293	4.0	0.8424815535545349
1294	4.0	0.9033117890357971
1295	4.0	1.0697941780090332
1296	4.0	0.9990929961204529
1297	4.0	0.9444294571876526
1298	4.0	1.1256228685379028
1299	4.0	0.804186224937439
1300	4.0	0.8838644027709961
1301	4.0	0.9793320894241333
1302	4.0	0.9648195505142212
1303	4.0	0.8260307312011719
1304	4.0	0.8046180009841919
1305	4.0	0.9567065834999084
1306	4.0	1.1436092853546143
1307	4.0	0.8811097741127014
1310	4.0	1.1609174013137817
1311	1.0	0.0
1312	3.0	1.154345154762268
1313	2.0	1.344504475593567
1315	2.0	0.5773502588272095
1316	4.0	NaN
1317	3.0	0.9306050539016724
1320	3.0	1.0769494771957397
1321	4.0	0.9744096994400024
1322	1.0	0.8884337544441223
1323	1.0	0.7245115041732788
1324	1.0	0.8387271165847778
1325	1.0	0.8316847681999207
1326	2.0	1.0562124252319336
1327	3.0	1.074402928352356
1328	1.0	1.247664451599121
1329	3.0	1.3522467613220215
1330	3.0	1.095445156097412
1331	3.0	1.1192197799682617
1332	3.0	1.025447964668274
1333	4.0	0.9202552437782288
1334	3.0	1.0972594022750854
1335	1.0	0.9023777842521667
1336	2.0	1.0176888704299927
1337	4.0	1.005934715270996
1339	3.0	1.0847773551940918
1340	4.0	1.0550636053085327
1341	3.0	1.0264991521835327
1342	3.0	1.0767756700515747
1343	4.0	0.820342481136322
1344	4.0	0.8297057151794434
1345	4.0	0.9888972640037537
1346	3.0	1.0032172203063965
1347	4.0	1.1894524097442627
1348	4.0	1.0984904766082764
1349	3.5	1.730463981628418
1350	4.0	1.059523344039917
1351	3.0	0.976186990737915
1352	3.0	0.9385122060775757
1353	3.0	1.1577200889587402
1354	4.0	1.1963728666305542
1355	3.0	1.2715669870376587
1356	4.0	0.9503327012062073
1357	4.0	0.9244763851165771
1358	4.0	0.8611044883728027
1359	2.0	1.0707693099975586
1360	3.5	2.1213202476501465
1361	4.0	0.9831793904304504
1362	4.0	0.9893888235092163
1363	3.0	0.8643051981925964
1364	3.5	0.7071067690849304
1365	4.0	0.9876735210418701
1366	3.0	1.0777980089187622
1367	3.0	1.098717212677002
1369	4.0	1.0954450368881226
1370	4.0	0.946431577205658
1371	3.0	1.0966373682022095
1372	4.0	1.044064998626709
1373	3.0	1.152795433998108
1374	4.0	0.9624341726303101
1375	3.0	0.9071011543273926
1376	4.0	1.0101627111434937
1377	3.0	0.9681568145751953
1378	4.0	1.0174378156661987
1379	3.0	1.0719573497772217
1380	4.0	1.1132659912109375
1381	2.0	1.0651012659072876
1382	3.0	1.0758044719696045
1383	1.0	0.8201995491981506
1384	4.0	0.7527726292610168
1385	3.0	1.0327755212783813
1386	1.0	NaN
1387	4.0	0.9455527663230896
1388	3.0	0.953606128692627
1389	2.0	0.9743697643280029
1390	3.0	0.9185116291046143
1391	3.0	1.1856350898742676
1392	4.0	0.8409371376037598
1393	4.0	0.9107509255409241
1394	4.0	0.9874941110610962
1395	3.0	0.9596589803695679
1396	4.0	0.863187849521637
1397	4.0	1.0497113466262817
1398	3.0	1.0295186042785645
1399	3.0	0.959164023399353
1401	3.5	0.9341482520103455
1404	3.0	0.9757592678070068
1405	3.0	1.1908928155899048
1406	4.0	1.1412872076034546
1407	4.0	1.0352230072021484
1408	4.0	0.9655422568321228
1409	3.0	1.0263463258743286
1410	3.0	1.1137542724609375
1411	4.0	0.9268933534622192
1412	4.0	0.7880688905715942
1413	3.0	1.0279759168624878
1414	4.0	0.917156457901001
1415	4.0	1.080857753753662
1416	3.0	1.2536293268203735
1417	3.0	1.151338815689087
1419	4.0	0.9222203493118286
1420	5.0	1.7320507764816284
1421	3.0	1.7037009000778198
1422	3.0	0.9000512957572937
1423	5.0	0.9287827610969543
1425	3.0	0.9748587012290955
1426	3.0	1.1228845119476318
1427	2.0	1.100801944732666
1428	3.0	1.1694644689559937
1429	3.0	0.9985063672065735
1430	1.0	NaN
1431	3.0	1.0516493320465088
1432	3.0	1.013594150543213
1433	1.0	1.3038405179977417
1434	4.0	0.0
1436	3.0	1.1666666269302368
1437	3.0	0.943650484085083
1438	3.0	1.0755174160003662
1439	2.0	1.1395397186279297
1440	3.0	0.8407081961631775
1441	3.0	0.874154269695282
1442	3.0	0.847769021987915
1444	3.5	0.7440237998962402
1445	2.0	1.113919973373413
1446	4.0	0.8298646807670593
1447	3.0	0.8340131044387817
1449	4.0	0.8762880563735962
1450	4.0	1.1217137575149536
1453	2.0	1.107563853263855
1454	3.0	1.105201244354248
1455	3.0	0.9725674390792847
1456	2.0	1.2262626886367798
1457	3.0	0.9024878144264221
1458	3.0	1.1671842336654663
1459	3.0	0.8916559815406799
1460	3.0	1.2375197410583496
1461	3.0	1.0627182722091675
1463	3.0	1.0294246673583984
1464	4.0	1.222082257270813
1465	4.0	0.935915470123291
1466	4.0	0.7801042795181274
1468	2.0	1.2776658535003662
1470	4.0	NaN
1471	4.0	1.3416407108306885
1472	3.0	0.8121418952941895
1473	3.0	1.0098870992660522
1474	2.0	1.128180980682373
1475	3.0	1.1303880214691162
1476	4.0	0.9742287397384644
1477	3.0	1.0860419273376465
1479	3.0	1.1041163206100464
1480	3.0	1.0025255680084229
1482	3.0	0.8424232006072998
1483	3.0	1.3196357488632202
1484	4.0	1.019962191581726
1485	4.0	0.911497175693512
1486	3.0	1.0690449476242065
1487	3.0	1.0639569759368896
1488	3.0	0.9575720429420471
1489	3.0	1.2142795324325562
1490	2.0	0.8952867984771729
1493	4.0	1.5315314531326294
1494	3.0	0.9048278331756592
1495	1.0	0.6387752890586853
1496	3.0	1.067707896232605
1497	2.0	1.2519488334655762
1498	3.0	0.9904416799545288
1499	2.0	1.0393751859664917
1500	4.0	0.8797546029090881
1501	3.0	1.0921586751937866
1502	3.0	1.25575590133667
1503	2.0	1.0521363019943237
1504	3.5	0.8944271802902222
1507	4.0	0.9542373418807983
1508	3.0	0.9803626537322998
1509	4.0	0.730296790599823
1510	2.5	0.7071067690849304
1511	4.0	0.9286113381385803
1513	3.0	1.0205925703048706
1514	3.0	0.7559289336204529
1515	3.0	1.0182795524597168
1516	4.0	0.967807412147522
1517	4.0	1.0867290496826172
1518	3.0	0.9192389845848083
1519	3.0	1.0327955484390259
1520	3.0	0.9904304146766663
1522	2.0	0.9758999943733215
1523	2.0	1.0795433521270752
1525	2.0	1.074399471282959
1526	2.0	0.993644654750824
1527	4.0	1.0900784730911255
1528	2.0	1.4142135381698608
1529	3.0	1.2030426263809204
1531	3.0	0.809039831161499
1532	3.0	0.8164966702461243
1533	4.0	0.6796738505363464
1534	4.0	1.3662601709365845
1535	4.0	1.1102386713027954
1537	4.0	0.796514093875885
1538	1.0	1.0327955484390259
1539	3.0	1.1677483320236206
1541	3.0	0.9319975972175598
1542	4.0	0.8740997910499573
1543	4.0	1.3801311254501343
1544	3.0	1.0835551023483276
1545	4.0	0.9906338453292847
1546	4.0	1.2694072723388672
1547	3.0	0.9733690619468689
1548	2.5	0.7071067690849304
1549	3.0	1.157230019569397
1550	3.0	1.0056179761886597
1551	3.0	1.1084095239639282
1552	3.0	1.027618408203125
1553	2.0	1.5
1554	4.0	1.1412464380264282
1555	3.0	1.4142135381698608
1556	2.0	0.8885756134986877
1558	1.5	0.7071067690849304
1561	3.0	0.5
1562	2.0	1.1103119850158691
1563	4.0	1.0573309659957886
1564	4.0	1.0000001192092896
1565	3.0	1.2247449159622192
1566	3.0	1.076568365097046
1567	3.0	1.2360330820083618
1569	3.5	0.9713557958602905
1570	3.0	1.329209804534912
1571	4.0	0.9034168720245361
1572	3.5	1.0023049116134644
1573	4.0	1.1362606287002563
1574	3.0	1.245945692062378
1575	4.0	1.3506203889846802
1579	3.0	NaN
1580	4.0	0.9317188858985901
1581	3.0	1.1266913414001465
1582	3.0	1.0761932134628296
1583	3.0	1.0127395391464233
1584	4.0	1.0082550048828125
1585	3.0	1.4995588064193726
1586	3.0	1.0956847667694092
1587	3.0	1.0632044076919556
1588	3.0	1.1086889505386353
1589	3.0	0.9152735471725464
1590	2.0	1.0898656845092773
1591	3.0	1.1021569967269897
1592	3.0	1.1854641437530518
1593	3.0	0.8452001214027405
1594	4.0	1.0493354797363281
1595	1.0	0.9232573509216309
1596	4.0	0.9498514533042908
1597	3.0	0.955511748790741
1598	3.0	0.9379611015319824
1599	1.0	0.9954668879508972
1600	3.0	1.0502982139587402
1601	3.0	1.0850331783294678
1602	2.0	1.1171668767929077
1603	3.0	0.9573895931243896
1604	3.0	1.1184637546539307
1605	3.0	1.027063250541687
1606	2.0	1.1157143115997314
1608	4.0	0.9413538575172424
1609	3.0	1.0579184293746948
1610	4.0	0.824924647808075
1611	3.0	1.1066710948944092
1612	3.0	0.924051821231842
1613	3.0	1.0938700437545776
1614	3.0	1.0085762739181519
1615	4.0	0.9440510869026184
1616	3.0	0.9418826103210449
1617	4.0	0.844208300113678
1619	3.0	0.9627878069877625
1620	3.0	0.9561688303947449
1621	3.0	0.8537282347679138
1622	2.0	0.547722578048706
1623	2.0	1.0696407556533813
1624	3.0	1.0887178182601929
1625	4.0	0.8973687291145325
1626	3.0	1.1522918939590454
1627	3.0	1.1469473838806152
1629	3.0	0.9126842617988586
1630	2.0	NaN
1631	4.0	0.9110062122344971
1632	2.5	0.9986833333969116
1633	4.0	0.8892418742179871
1635	4.0	1.026215672492981
1636	2.0	1.140175461769104
1639	4.0	1.013170838356018
1640	2.0	1.1454092264175415
1641	4.0	0.9510012269020081
1642	3.0	1.0322458744049072
1643	4.0	0.8323264718055725
1644	3.0	1.146016001701355
1645	4.0	1.052038550376892
1646	3.0	1.1401299238204956
1647	3.0	0.9460479021072388
1648	4.0	1.0733985900878906
1649	4.0	1.086305022239685
1650	3.0	0.9816688299179077
1651	3.0	1.1663165092468262
1652	3.0	1.2583057880401611
1653	4.0	0.9968273639678955
1654	4.0	1.296778917312622
1655	2.0	1.1857552528381348
1656	3.0	0.9749612808227539
1657	3.5	1.0
1658	3.0	1.0572797060012817
1659	3.0	1.5735915899276733
1660	4.0	0.8801076412200928
1661	3.0	0.8557842373847961
1662	3.0	1.308876633644104
1663	4.0	0.8994480967521667
1664	4.0	0.8366600275039673
1665	3.0	1.1411771774291992
1666	3.0	1.1876558065414429
1667	3.0	1.0241241455078125
1668	3.0	0.9959431886672974
1669	4.0	1.2603919506072998
1670	4.0	1.1027463674545288
1671	3.0	1.052722692489624
1672	4.0	0.811388373374939
1673	4.0	1.0498102903366089
1674	4.0	0.7959116697311401
1675	3.0	0.8312094211578369
1676	3.0	1.2032430171966553
1677	3.0	1.038305640220642
1678	4.0	0.950306236743927
1679	2.0	0.9990937113761902
1680	4.0	0.9326333999633789
1681	2.0	1.0957934856414795
1682	4.0	0.8835518956184387
1683	4.0	0.8682750463485718
1684	4.0	0.9513258337974548
1685	4.0	0.8366600275039673
1686	3.0	0.9247056245803833
1687	3.0	0.991022527217865
1688	4.0	0.988374650478363
1689	3.0	1.1343342065811157
1690	3.0	1.080729603767395
1692	2.5	1.3562719821929932
1693	4.0	0.9577926993370056
1694	4.0	1.0372508764266968
1695	4.0	0.931093692779541
1696	4.0	1.1362242698669434
1699	4.0	1.1245442628860474
1701	3.0	1.0380936861038208
1702	3.0	1.0731592178344727
1703	3.0	1.1716734170913696
1704	4.0	0.8320022821426392
1707	1.0	1.162192463874817
1709	2.0	NaN
1711	3.0	1.0465625524520874
1713	3.0	1.0623348951339722
1714	2.0	NaN
1715	3.0	1.29099440574646
1717	3.0	1.1153078079223633
1718	3.0	0.9758999943733215
1719	4.0	0.9035607576370239
1720	1.0	0.48795002698898315
1721	4.0	1.1674400568008423
1722	4.0	0.8942996263504028
1724	3.0	NaN
1725	4.0	1.2869056463241577
1726	3.0	1.2890528440475464
1727	3.0	1.0468199253082275
1728	3.0	1.1291109323501587
1729	4.0	0.9102769494056702
1730	4.0	0.8780136108398438
1731	1.5	1.0764433145523071
1732	4.0	1.1048609018325806
1733	3.0	0.8749757409095764
1734	4.0	1.0744900703430176
1735	3.0	0.977454423904419
1739	1.0	0.7919577956199646
1741	4.0	1.0
1743	4.0	1.3751033544540405
1744	3.0	1.0692049264907837
1746	3.0	1.035725712776184
1747	4.0	0.9903761744499207
1748	4.0	1.016198992729187
1749	3.5	1.0749675035476685
1750	2.0	1.242489218711853
1752	3.0	1.0133962631225586
1753	3.0	1.2214641571044922
1754	3.0	1.0368033647537231
1755	4.0	1.0742545127868652
1756	3.0	1.1543607711791992
1758	4.0	0.9574276208877563
1759	4.0	0.6779438257217407
1760	2.0	1.0311760902404785
1762	3.0	1.0810954570770264
1764	3.0	NaN
1767	3.0	0.9797958731651306
1769	3.0	1.0339090824127197
1770	4.0	0.7723283767700195
1771	3.0	1.1501518487930298
1772	2.0	1.156690239906311
1773	2.5	2.1213202476501465
1777	4.0	0.9783703088760376
1779	3.0	1.0582791566848755
1780	5.0	1.2464234828948975
1782	2.0	0.7559289336204529
1783	3.0	1.0486702919006348
1784	4.0	0.9497082233428955
1785	3.0	0.9298827052116394
1787	3.5	2.1213202476501465
1788	4.0	0.9990223050117493
1791	3.0	0.9600136280059814
1792	3.0	0.9644296169281006
1793	2.0	1.3867504596710205
1794	4.0	0.9696036577224731
1795	4.5	0.7071067690849304
1796	1.0	1.9493588209152222
1797	4.0	0.8466596007347107
1798	3.0	1.1292747259140015
1799	4.0	1.076425313949585
1801	3.0	1.088709831237793
1804	3.0	0.9471883773803711
1805	4.0	1.0327833890914917
1806	3.0	1.1531569957733154
1807	3.0	0.7952061295509338
1809	4.0	1.348426103591919
1810	4.0	0.8275429606437683
1811	4.0	0.9473307728767395
1812	3.0	1.2292680740356445
1814	3.0	1.1503621339797974
1815	2.0	NaN
1816	3.0	1.1217923164367676
1817	3.0	0.9534626007080078
1820	2.0	NaN
1821	3.0	0.9437350630760193
1822	2.0	1.1169686317443848
1824	3.0	1.0245314836502075
1825	3.0	1.1636865139007568
1826	1.0	0.8755950331687927
1827	4.0	0.9439751505851746
1829	3.0	0.9128709435462952
1830	5.0	NaN
1831	3.0	1.1163278818130493
1832	4.0	NaN
1833	3.0	0.992358386516571
1834	4.0	0.9393941760063171
1835	3.0	1.0769062042236328
1836	4.0	1.1360224485397339
1837	3.0	1.206792950630188
1839	2.0	1.0240083932876587
1840	3.0	0.8231849074363708
1841	3.0	0.9035202264785767
1842	4.0	0.0
1843	3.0	NaN
1844	4.0	0.6394270062446594
1845	4.0	1.0429333448410034
1846	3.0	1.292691946029663
1848	3.0	1.0861700773239136
1849	3.0	0.9758999943733215
1850	3.0	1.1435438394546509
1851	4.0	0.0
1852	2.0	NaN
1853	2.0	1.0606601238250732
1854	3.0	0.8626922965049744
1855	2.0	1.1351635456085205
1856	3.0	1.09915292263031
1857	3.0	1.017954707145691
1858	3.0	1.0364627838134766
1859	4.0	1.217728614807129
1860	4.0	1.0312249660491943
1861	3.0	0.5773502588272095
1862	2.0	0.9651147127151489
1863	2.0	1.045871615409851
1864	3.0	1.0090500116348267
1865	4.0	1.0031399726867676
1866	3.0	1.227935552597046
1867	2.5	1.0813301801681519
1868	2.0	1.4142135381698608
1869	2.0	1.104358434677124
1870	4.0	0.9493223428726196
1871	4.0	0.8164966106414795
1872	3.0	1.316561222076416
1873	4.0	1.0289562940597534
1874	3.0	1.0794639587402344
1875	3.0	1.0013456344604492
1876	3.0	1.0352823734283447
1877	2.5	1.29099440574646
1878	2.0	1.0
1879	4.0	1.0192945003509521
1880	3.0	1.0648220777511597
1881	3.0	1.0768333673477173
1882	2.0	1.1134504079818726
1883	4.0	1.079922080039978
1884	4.0	1.2464089393615723
1885	4.0	0.9669032692909241
1886	2.5	1.7078251838684082
1887	2.0	1.2001649141311646
1888	3.0	1.1243776082992554
1889	4.0	0.7808289527893066
1890	3.0	1.133893370628357
1891	2.0	1.054092526435852
1892	3.0	0.888308048248291
1893	4.0	0.9952267408370972
1894	3.0	0.9981423020362854
1895	3.0	1.0767064094543457
1896	3.0	0.865624725818634
1897	4.0	1.1587880849838257
1898	4.0	0.9287827610969543
1899	3.5	1.398411750793457
1900	4.0	1.0357013940811157
1901	4.0	1.2247449159622192
1902	3.0	1.268993616104126
1903	3.5	0.8164966106414795
1904	4.0	1.0865659713745117
1905	1.5	0.7071067690849304
1906	3.0	0.974989652633667
1907	4.0	0.97578364610672
1908	3.0	NaN
1909	4.0	0.8972018957138062
1910	4.0	0.6993027329444885
1911	3.0	0.9773156642913818
1912	4.0	0.9384105205535889
1913	4.0	0.9754962921142578
1914	4.0	0.9508807063102722
1915	4.0	NaN
1916	4.0	1.1691131591796875
1917	3.0	1.2034376859664917
1918	3.0	1.0976231098175049
1919	3.0	1.0238529443740845
1920	3.0	1.0781071186065674
1921	4.0	1.0643328428268433
1922	3.0	1.0355664491653442
1923	4.0	1.096937656402588
1924	2.0	1.4559968709945679
1925	4.0	1.027402639389038
1926	3.0	1.1482806205749512
1927	4.0	0.8477998971939087
1928	4.0	0.8200084567070007
1929	4.0	0.792607843875885
1930	4.0	1.4142135381698608
1931	4.0	0.7582351565361023
1932	3.5	1.085254430770874
1933	3.0	1.1169686317443848
1934	4.0	0.9388330578804016
1935	4.0	0.8179348707199097
1936	4.0	0.8803796172142029
1937	4.0	1.0504429340362549
1938	4.0	0.8029295206069946
1939	4.0	0.8978370428085327
1940	4.0	0.8089855313301086
1941	4.0	1.0926569700241089
1942	4.0	0.8123278617858887
1943	3.0	1.002183437347412
1944	4.0	0.858653724193573
1945	4.0	0.8339273929595947
1946	4.0	0.8427258729934692
1947	4.0	0.9797003269195557
1948	4.0	0.9665475487709045
1949	4.0	0.7872931957244873
1950	4.0	0.7874772548675537
1951	4.0	1.039694905281067
1952	4.0	0.9085993766784668
1953	4.0	0.8272971510887146
1954	4.0	0.9631394743919373
1955	4.0	0.8875526785850525
1956	4.0	0.9292698502540588
1957	4.0	1.0400795936584473
1958	4.0	1.0950732231140137
1959	4.0	1.0641690492630005
1960	4.0	0.9124216437339783
1961	4.0	0.8188856840133667
1962	4.0	0.9075402021408081
1963	4.0	0.8285968899726868
1964	4.0	0.8527078032493591
1965	4.0	1.0472670793533325
1966	4.0	1.0107353925704956
1967	4.0	1.0153177976608276
1968	4.0	0.9111304879188538
1969	2.0	1.1415200233459473
1970	3.0	1.1377280950546265
1971	2.0	1.0428569316864014
1972	2.0	1.0198898315429688
1973	2.0	1.1437066793441772
1974	3.0	1.1341458559036255
1975	2.0	1.1474685668945312
1976	2.0	1.0634410381317139
1977	2.0	1.1919236183166504
1978	2.0	1.2130903005599976
1979	2.0	1.231817603111267
1980	2.0	1.1918530464172363
1981	1.0	1.1221978664398193
1982	4.0	1.1375224590301514
1983	3.0	1.1625264883041382
1984	2.0	1.2444016933441162
1985	2.0	1.272377371788025
1986	2.0	1.1885167360305786
1987	2.0	1.0225774049758911
1988	2.0	1.0247907638549805
1989	1.0	0.7432233095169067
1990	1.0	1.078192949295044
1991	3.0	1.1521048545837402
1992	2.0	1.1122875213623047
1993	2.0	1.084786057472229
1994	4.0	0.942791223526001
1995	2.0	0.9816631078720093
1996	2.0	1.0034929513931274
1997	4.0	1.1029016971588135
1998	1.0	0.9449948668479919
1999	3.0	1.2406383752822876
2000	4.0	0.866635799407959
2001	4.0	0.9199150204658508
2002	3.0	0.9830693602561951
2003	3.0	0.958659827709198
2004	2.0	1.1550123691558838
2005	4.0	1.1024413108825684
2006	4.0	0.9193715453147888
2007	3.0	0.8857852220535278
2008	3.0	1.0600988864898682
2009	4.0	0.9690552949905396
2010	4.0	0.9364319443702698
2011	3.0	0.9746984839439392
2012	3.0	1.0265408754348755
2013	4.0	0.9152805209159851
2014	3.0	0.9924614429473877
2015	3.0	0.9389646649360657
2016	3.0	1.0905333757400513
2017	3.0	1.0091975927352905
2018	4.0	1.0031715631484985
2019	5.0	0.7436057925224304
2020	4.0	0.9157366156578064
2021	3.0	1.183067798614502
2022	4.0	1.214613676071167
2023	3.0	1.0516369342803955
2024	3.0	1.0435240268707275
2025	3.0	0.9673405885696411
2026	3.0	1.085333228111267
2027	3.0	1.0750082731246948
2028	5.0	0.8457643985748291
2029	4.0	0.9001955986022949
2031	3.0	1.0925629138946533
2032	3.0	1.0951523780822754
2033	3.0	1.1198400259017944
2034	3.0	1.0330978631973267
2035	3.0	1.080413579940796
2036	2.0	1.068231463432312
2037	4.0	0.8840932250022888
2038	3.0	1.0595873594284058
2039	1.0	NaN
2040	3.0	0.9825933575630188
2041	3.0	1.1847121715545654
2042	3.0	1.0870463848114014
2043	3.0	0.9881379008293152
2044	3.0	0.9174033403396606
2045	3.0	0.9193026423454285
2046	3.5	0.9326808452606201
2047	3.0	0.9579921960830688
2048	4.0	0.9637588262557983
2049	3.0	1.081512689590454
2050	3.0	1.1313972473144531
2051	3.0	1.144336223602295
2052	3.0	1.1925878524780273
2053	2.0	1.0218573808670044
2054	3.0	0.9332628846168518
2055	3.0	0.8811488151550293
2056	4.0	1.200490117073059
2057	3.0	0.8846822381019592
2058	4.0	0.8528250455856323
2059	3.0	1.1124898195266724
2060	3.0	1.2066532373428345
2061	4.0	0.9758999943733215
2062	3.0	1.0439612865447998
2063	2.0	1.772810459136963
2064	4.0	0.9756386876106262
2065	4.0	0.9136805534362793
2066	4.0	0.8595951199531555
2067	4.0	0.9615838527679443
2068	4.0	0.9930553436279297
2069	4.0	0.9802786111831665
2070	4.0	0.9723037481307983
2071	4.0	0.8301586508750916
2072	3.0	1.1077598333358765
2073	4.0	1.0426788330078125
2074	4.0	0.813575267791748
2075	4.0	0.9846038222312927
2076	4.0	1.0632827281951904
2077	4.0	0.8498124480247498
2078	4.0	0.9137639403343201
2079	4.0	0.5135525465011597
2080	4.0	0.9018756151199341
2081	4.0	1.0156623125076294
2082	3.0	1.038619875907898
2083	4.0	1.0329951047897339
2084	3.0	1.2530462741851807
2085	4.0	0.9821028709411621
2086	4.0	1.020721197128296
2087	4.0	0.9194385409355164
2088	3.0	1.0852469205856323
2089	3.0	0.9910473823547363
2090	4.0	0.9961212277412415
2091	3.0	1.2253727912902832
2092	2.0	1.0365948677062988
2093	3.0	1.1707170009613037
2094	3.0	0.9768097400665283
2095	3.0	0.9492499232292175
2096	4.0	0.917300283908844
2097	4.0	0.9091274738311768
2098	3.0	1.12787663936615
2099	4.0	1.0552030801773071
2100	3.0	0.8588849306106567
2101	4.0	1.245945930480957
2102	3.0	1.1081337928771973
2103	3.0	0.9538920521736145
2104	3.0	0.7830758690834045
2105	3.0	1.0341416597366333
2106	3.0	1.0950700044631958
2107	3.0	1.143013596534729
2108	4.0	0.9037558436393738
2109	4.0	1.0098240375518799
2110	3.0	0.9629212617874146
2111	3.0	0.9932960271835327
2112	4.0	0.9963020086288452
2113	2.0	1.0988174676895142
2114	4.0	0.8833980560302734
2115	4.0	1.0012437105178833
2116	3.0	1.1394069194793701
2117	4.0	0.9653103351593018
2118	4.0	0.894841194152832
2119	2.0	1.1076186895370483
2120	3.0	1.0045337677001953
2121	3.0	1.0562465190887451
2122	2.0	1.1662993431091309
2123	3.0	1.0420008897781372
2124	3.0	0.974062979221344
2125	4.0	0.9530667066574097
2126	3.0	1.0159926414489746
2127	3.5	1.29099440574646
2128	4.0	1.1075499057769775
2129	4.0	1.2817399501800537
2130	4.0	0.8758655190467834
2131	4.0	1.2576202154159546
2132	4.0	0.9592574834823608
2133	3.0	1.0018178224563599
2134	3.0	0.9387081861495972
2135	3.0	0.9641660451889038
2136	3.0	1.0335861444473267
2137	4.0	0.9250320196151733
2138	4.0	0.911270022392273
2139	4.0	0.96233731508255
2140	4.0	0.9887043833732605
2141	3.0	0.9874110221862793
2142	3.0	1.0204137563705444
2143	3.0	1.0603803396224976
2144	4.0	0.9017344117164612
2145	3.0	0.9035149216651917
2146	3.0	0.9617727398872375
2147	3.0	0.9806338548660278
2148	3.0	1.0977262258529663
2149	2.0	1.1177575588226318
2150	4.0	1.0228383541107178
2151	3.0	1.1231940984725952
2152	2.0	1.2430542707443237
2153	2.0	1.0443089008331299
2154	3.0	1.1110029220581055
2155	3.0	0.9763609170913696
2156	4.0	1.301708459854126
2157	3.0	1.2085224390029907
2158	3.0	1.500877022743225
2159	4.0	1.1782771348953247
2160	4.0	1.057845115661621
2161	4.0	1.0469125509262085
2162	2.0	1.1552565097808838
2163	3.0	1.1752533912658691
2164	2.0	1.1909748315811157
2165	3.0	1.128658652305603
2166	4.0	1.0239697694778442
2167	4.0	1.0933120250701904
2168	3.0	1.0349305868148804
2169	3.0	1.2085952758789062
2170	3.0	1.2492833137512207
2171	4.0	1.0278571844100952
2172	3.0	0.5
2173	4.0	1.096510887145996
2174	4.0	0.9683238863945007
2175	4.0	1.0431852340698242
2176	4.0	0.8268702626228333
2177	3.0	0.8978047370910645
2178	4.0	0.8201007843017578
2179	3.0	0.9607688784599304
2180	3.0	0.9438245892524719
2181	4.0	0.9196688532829285
2182	4.0	0.9072832465171814
2183	4.0	0.8715072274208069
2184	4.0	0.9555875062942505
2185	4.0	0.939336359500885
2186	4.0	0.7925971746444702
2187	4.0	0.9454343914985657
2188	3.0	1.0354812145233154
2189	4.0	0.8451542854309082
2190	3.0	1.0362944602966309
2191	3.0	0.918936550617218
2192	3.0	1.7043360471725464
2193	4.0	1.0021761655807495
2194	4.0	0.7923487424850464
2195	3.0	1.142765998840332
2196	2.0	1.0127394199371338
2197	5.0	1.1677485704421997
2198	4.0	1.4142135381698608
2200	2.5	0.5345224738121033
2201	3.0	0.8207825422286987
2202	4.0	0.9248242378234863
2203	4.0	0.8508761525154114
2204	4.0	0.8602558374404907
2205	4.0	1.0931953191757202
2206	4.0	0.8780319094657898
2207	3.0	0.9910312294960022
2208	4.0	0.8590590357780457
2209	3.0	1.2516655921936035
2210	4.0	0.8384539484977722
2211	4.0	1.3067525625228882
2212	4.0	0.9455852508544922
2213	1.0	NaN
2214	3.0	NaN
2215	4.0	0.9045340418815613
2217	1.0	NaN
2218	2.0	NaN
2219	3.5	1.0749675035476685
2221	4.0	1.445997714996338
2223	3.0	0.5773502588272095
2226	3.0	NaN
2227	4.0	1.1670066118240356
2231	4.0	0.8493754863739014
2232	4.0	1.11418616771698
2233	2.0	0.5477225184440613
2234	2.0	0.8345229625701904
2235	2.0	NaN
2236	4.0	1.0464450120925903
2237	4.0	0.8160648345947266
2238	4.0	1.2074612379074097
2239	4.0	1.1572092771530151
2240	4.0	0.9081984162330627
2241	3.0	0.9940471649169922
2242	2.5	1.0488088130950928
2243	4.0	0.8600065112113953
2244	1.0	1.214985728263855
2245	4.0	0.8794066905975342
2246	3.0	0.9138734936714172
2247	3.0	0.9181224703788757
2248	4.0	0.851334810256958
2249	3.0	1.0149006843566895
2250	3.0	1.0377585887908936
2251	3.5	0.7071067690849304
2252	3.0	0.9780054688453674
2253	2.0	1.2188878059387207
2254	2.0	NaN
2255	3.0	0.9925065636634827
2256	2.0	1.1349200010299683
2257	3.0	1.144038200378418
2258	3.0	1.4142135381698608
2259	3.0	1.007064938545227
2260	3.0	1.1722413301467896
2261	3.0	0.9986013770103455
2262	3.0	0.9430261850357056
2263	3.0	1.0398629903793335
2264	3.0	0.9504318237304688
2265	2.0	1.1261850595474243
2266	3.0	0.9464926719665527
2267	3.0	0.9347463250160217
2268	4.0	0.8522853255271912
2269	3.0	0.9027423858642578
2271	3.0	0.8765965700149536
2272	4.0	0.9385485649108887
2273	4.0	0.8990629315376282
2275	4.0	1.406509518623352
2276	4.0	0.8869895339012146
2277	2.0	NaN
2278	4.0	0.9722254276275635
2279	3.0	1.107301950454712
2280	4.0	0.9010387659072876
2281	4.0	0.9341987371444702
2282	4.0	1.0554249286651611
2283	3.0	0.988181471824646
2284	4.0	0.9650596380233765
2285	4.0	0.8614746928215027
2286	3.0	1.0991792678833008
2287	3.0	1.0351678133010864
2288	4.0	1.0032968521118164
2289	4.0	0.8892994523048401
2290	3.0	1.0018579959869385
2291	4.0	0.9688031673431396
2292	2.5	1.0513149499893188
2293	3.0	0.9255629181861877
2294	4.0	0.9350625276565552
2295	4.0	0.8707683086395264
2296	2.0	1.1885031461715698
2297	3.0	1.164361596107483
2298	2.0	0.8338094353675842
2299	4.0	0.5
2300	4.0	0.8769697546958923
2301	4.0	1.0599924325942993
2302	4.0	0.882797122001648
2303	4.0	1.0272828340530396
2304	4.0	1.133893370628357
2305	4.0	1.2622730731964111
2306	3.0	1.1826884746551514
2307	3.0	1.1251680850982666
2308	2.0	NaN
2309	4.5	0.7071067690849304
2310	4.0	0.9158561825752258
2311	3.0	0.9466184377670288
2312	4.0	0.8477837443351746
2313	4.0	0.8244072198867798
2314	3.0	1.3728132247924805
2315	2.0	1.2772061824798584
2316	3.0	1.0229957103729248
2317	2.5	1.0606601238250732
2318	4.0	1.155601978302002
2320	3.0	0.9556301236152649
2321	4.0	0.9234322309494019
2322	3.0	1.0728172063827515
2323	4.0	1.055597186088562
2324	5.0	0.9239864945411682
2325	3.0	1.294867753982544
2326	3.0	1.206045389175415
2327	3.0	0.9885709881782532
2328	3.0	1.18147611618042
2329	4.0	0.8522716164588928
2330	4.0	0.9172002673149109
2331	3.0	0.9860304594039917
2332	3.5	1.4880475997924805
2333	4.0	0.9509848952293396
2334	3.0	0.9314559698104858
2335	3.0	1.2190935611724854
2336	4.0	0.8893764019012451
2337	3.0	1.1954407691955566
2338	2.0	1.1661268472671509
2339	3.0	0.8738034963607788
2340	3.0	1.064942717552185
2341	3.0	0.9732142090797424
2342	4.0	1.2720777988433838
2343	2.0	0.0
2344	3.0	0.9926097393035889
2345	3.0	0.8458093404769897
2346	3.0	0.9638724327087402
2347	4.0	0.7883529663085938
2348	4.0	0.9212522506713867
2349	4.0	0.8491700291633606
2350	3.0	0.9763279557228088
2351	5.0	1.054144024848938
2352	4.0	0.9502812623977661
2353	4.0	0.8948583006858826
2354	3.0	1.2135670185089111
2355	4.0	0.8792820572853088
2356	3.0	1.0511062145233154
2357	4.0	0.7093924880027771
2358	4.0	0.8164966106414795
2359	4.0	0.9388149380683899
2360	5.0	0.9234623908996582
2361	3.0	1.293936848640442
2362	3.0	1.392234206199646
2363	3.0	1.2019180059432983
2364	3.0	1.1364235877990723
2365	3.0	1.2290730476379395
2366	4.0	1.0168009996414185
2367	3.0	1.033207893371582
2368	1.5	0.8420294523239136
2369	3.0	1.02778959274292
2370	4.0	0.8730474710464478
2371	4.0	1.0152860879898071
2372	3.0	1.1132711172103882
2373	2.0	1.0598703622817993
2374	3.0	0.8884608149528503
2375	3.0	1.0061635971069336
2376	3.0	0.912379801273346
2377	3.0	1.1030759811401367
2378	3.0	1.0646544694900513
2379	2.0	1.033717155456543
2380	2.0	1.0122746229171753
2381	2.0	1.0077933073043823
2382	1.0	1.0061330795288086
2383	1.0	0.9283215999603271
2384	3.0	1.239380121231079
2385	3.0	0.9744011163711548
2386	2.0	1.0980560779571533
2387	3.0	1.280075192451477
2388	4.0	1.1872336864471436
2389	3.0	1.1827969551086426
2390	4.0	0.9524760842323303
2391	4.0	0.93976229429245
2392	2.0	1.0773084163665771
2393	3.0	1.0130423307418823
2394	4.0	0.9876194596290588
2395	4.0	1.0705749988555908
2396	4.0	0.9402410984039307
2397	3.0	0.7648401260375977
2398	4.0	0.9393302202224731
2399	3.0	1.1138849258422852
2400	3.0	0.9899831414222717
2401	4.0	0.8205241560935974
2402	3.0	1.0509299039840698
2403	4.0	1.028881549835205
2404	2.0	1.0797436237335205
2405	3.0	0.9449260234832764
2406	4.0	0.8652007579803467
2407	4.0	0.8855218291282654
2408	3.0	0.941161036491394
2409	3.0	0.9897821545600891
2410	3.0	1.053288221359253
2411	3.0	1.1583573818206787
2412	2.0	1.1211225986480713
2413	3.0	1.1382719278335571
2414	3.0	0.891177773475647
2415	3.0	1.0141851902008057
2416	3.0	1.0252690315246582
2417	3.0	1.0053541660308838
2418	3.0	0.9453811049461365
2419	3.0	0.9483689069747925
2420	3.0	0.8902379870414734
2421	3.0	0.963930070400238
2422	2.0	0.9416609406471252
2423	4.0	1.0792816877365112
2424	3.0	1.0378506183624268
2425	4.0	0.854864239692688
2426	3.0	1.3722939491271973
2427	3.0	1.2152823209762573
2428	3.0	1.0408329963684082
2429	3.0	0.9962539076805115
2430	3.0	1.0781430006027222
2431	3.0	1.213110089302063
2432	3.0	0.9586636424064636
2433	3.0	0.8552495837211609
2434	4.0	0.862921416759491
2435	3.0	1.1752275228500366
2436	4.0	1.066036581993103
2437	4.0	0.7823334336280823
2438	4.0	NaN
2439	4.0	0.9744346737861633
2440	4.0	1.051407814025879
2441	3.0	0.9992305040359497
2442	4.0	0.8581826090812683
2443	4.0	1.0671730041503906
2444	4.0	1.0
2445	3.0	1.0065501928329468
2446	3.0	1.1475833654403687
2447	3.0	1.0903304815292358
2448	2.0	1.0841026306152344
2449	1.0	0.841825008392334
2450	2.0	1.083935260772705
2451	3.0	1.109378457069397
2452	1.0	1.2042808532714844
2453	3.0	0.9411239624023438
2454	3.0	1.048281192779541
2455	4.0	0.9906019568443298
2456	2.0	1.0037195682525635
2457	3.0	0.8873759508132935
2458	3.0	1.0055309534072876
2459	3.0	1.3324495553970337
2460	2.0	1.231855034828186
2461	2.0	1.0970853567123413
2462	1.0	1.1614890098571777
2463	4.0	0.9435873031616211
2464	2.5	0.7440237998962402
2465	2.0	1.0238161087036133
2466	3.0	0.9674179553985596
2467	4.0	0.9123157858848572
2468	3.0	1.158050775527954
2469	3.0	0.9347683787345886
2470	3.0	0.8822429776191711
2471	3.0	0.970152735710144
2472	3.0	0.7067756056785583
2473	2.0	0.9147605895996094
2474	4.0	0.8150964379310608
2475	3.0	0.9111614227294922
2476	3.0	0.8958222270011902
2477	2.0	0.9947597980499268
2478	3.0	1.1236140727996826
2479	2.0	1.01988685131073
2480	4.5	0.7071067690849304
2481	4.0	0.8811756372451782
2482	3.0	1.154700517654419
2483	2.0	1.7058724164962769
2484	2.0	NaN
2485	3.0	0.9913114905357361
2486	2.0	0.6666666269302368
2487	3.0	1.133893370628357
2488	4.0	1.013632893562317
2490	4.0	0.92826908826828
2491	3.0	1.1704466342926025
2492	3.0	1.1519434452056885
2493	4.0	1.0079052448272705
2494	4.0	0.9198662042617798
2495	4.0	1.1905102729797363
2496	3.0	0.9548728466033936
2497	3.0	1.200069785118103
2498	2.0	1.0989314317703247
2499	4.0	1.110758662223816
2500	3.0	1.1298662424087524
2501	4.0	0.8497350215911865
2502	4.0	0.9785853028297424
2503	5.0	0.4999999701976776
2504	3.0	1.1119633913040161
2505	3.0	1.1134319305419922
2506	4.0	1.140609622001648
2507	3.0	1.4074026346206665
2509	3.0	0.9428090453147888
2510	4.0	0.5773502588272095
2511	4.0	0.8994124531745911
2512	4.0	1.352926254272461
2513	3.0	1.134865403175354
2514	2.0	1.1289764642715454
2515	1.0	0.9769206047058105
2516	1.0	1.0861848592758179
2517	3.0	0.9850740432739258
2518	4.0	0.9149535894393921
2519	3.0	1.119014859199524
2520	3.0	1.0919090509414673
2521	3.0	1.0617077350616455
2522	2.0	0.9612756967544556
2523	2.0	0.9496620297431946
2524	3.0	0.9730432033538818
2525	2.0	1.0560903549194336
2526	2.0	0.962417721748352
2527	4.0	0.9905599355697632
2528	4.0	0.9482007026672363
2529	4.0	1.0234135389328003
2530	3.0	1.0572928190231323
2531	3.0	1.0506970882415771
2532	3.0	1.0836721658706665
2533	3.0	1.0529484748840332
2534	3.0	0.7998163104057312
2535	3.0	0.9445534348487854
2536	2.0	0.8750803470611572
2537	2.0	0.8507099747657776
2538	4.0	1.673319935798645
2539	3.0	0.9293269515037537
2540	3.0	0.9994838833808899
2541	3.0	1.0629749298095703
2542	4.0	0.9995574951171875
2543	3.5	0.7071067690849304
2544	3.0	0.8084520697593689
2545	3.0	1.3371158838272095
2546	3.0	0.9174505472183228
2548	2.0	1.058456301689148
2549	2.0	1.1667249202728271
2550	4.0	1.22193443775177
2551	3.0	1.1180216073989868
2552	2.0	1.181692123413086
2553	3.0	0.9912899136543274
2554	3.0	1.1147652864456177
2555	1.0	0.9604442119598389
2556	3.0	NaN
2557	4.0	1.5165749788284302
2558	3.0	0.9488646984100342
2559	3.0	1.2787994146347046
2560	3.0	1.2148326635360718
2561	3.0	0.9559893608093262
2562	4.0	1.6414763927459717
2563	3.0	NaN
2565	4.0	0.9144293069839478
2566	3.0	1.1742428541183472
2567	3.0	0.8792159557342529
2568	2.0	0.9941806197166443
2569	4.0	1.0929063558578491
2570	4.0	0.9876442551612854
2571	5.0	0.9309229254722595
2572	4.0	0.9898149967193604
2573	3.0	0.9186792969703674
2574	3.0	1.0252141952514648
2575	4.0	0.97100830078125
2576	2.0	1.0
2577	3.0	0.7628961801528931
2578	3.5	0.5773502588272095
2579	4.0	0.940338671207428
2580	4.0	0.923490583896637
2581	3.0	0.9889689683914185
2582	3.0	1.2042080163955688
2583	4.0	1.0127029418945312
2584	3.0	NaN
2585	4.0	1.0103631019592285
2586	3.0	1.1718931198120117
2587	3.0	0.9219177961349487
2589	3.0	1.1161468029022217
2590	3.0	1.1290804147720337
2591	2.0	1.4142135381698608
2592	3.0	NaN
2593	4.0	1.0451970100402832
2594	4.0	1.0928592681884766
2596	4.0	1.086115837097168
2597	3.0	1.121467113494873
2598	3.0	0.9913601875305176
2599	4.0	0.9268445372581482
2600	3.0	1.1785696744918823
2602	3.0	1.3291600942611694
2605	3.0	0.9863179326057434
2606	3.0	1.2984395027160645
2607	4.0	0.9421362280845642
2608	3.0	0.547722578048706
2609	4.0	0.8315901756286621
2610	4.0	0.8998641967773438
2611	4.0	0.9015024304389954
2612	4.0	0.7932174205780029
2613	3.0	1.0007237195968628
2614	2.0	0.9250451326370239
2615	3.0	0.9675012826919556
2616	3.0	0.9904600381851196
2617	3.0	1.105628490447998
2618	4.0	0.9939429759979248
2619	3.0	NaN
2620	4.0	0.7862911224365234
2621	4.0	1.026503086090088
2622	3.0	1.0100196599960327
2623	3.0	1.2583057880401611
2624	4.0	0.9960601925849915
2625	3.0	1.113699197769165
2626	4.0	1.0923724174499512
2627	4.0	1.0894094705581665
2628	4.0	1.1257580518722534
2629	3.0	1.0411128997802734
2630	4.0	1.1207574605941772
2631	2.0	1.0
2632	4.0	1.5550504922866821
2633	4.0	1.1373869180679321
2634	3.0	1.0493881702423096
2635	3.0	1.1967699527740479
2636	3.0	1.0500305891036987
2637	3.0	1.1086777448654175
2638	3.0	1.1338934898376465
2639	3.0	1.055025339126587
2640	4.0	0.9237286448478699
2641	3.0	0.9827894568443298
2642	2.0	0.9661978483200073
2643	2.0	0.9937511086463928
2644	4.0	1.102236270904541
2645	3.0	1.1388291120529175
2646	3.0	1.1960347890853882
2647	3.0	1.2051924467086792
2648	4.0	0.978476345539093
2649	3.0	1.1054933071136475
2650	3.0	1.2507572174072266
2651	3.0	1.1344428062438965
2652	3.0	1.2937254905700684
2653	3.0	1.2058703899383545
2654	4.0	0.9591588973999023
2655	1.0	1.0877333879470825
2656	3.0	1.1511839628219604
2657	3.0	1.2601732015609741
2658	3.0	1.3003495931625366
2659	3.0	1.0177171230316162
2660	4.0	1.1013832092285156
2661	3.0	1.134513258934021
2662	4.0	0.875869631767273
2663	3.0	1.071466326713562
2664	4.0	0.9832565784454346
2665	4.0	1.1040440797805786
2666	3.0	1.2279804944992065
2667	2.5	1.1821414232254028
2668	3.0	0.9508510231971741
2669	4.0	0.9146237969398499
2670	4.0	0.7402331829071045
2671	4.0	0.9956998825073242
2672	3.0	1.0177816152572632
2673	4.0	1.4638499021530151
2674	3.0	1.2575924396514893
2675	4.0	1.349897027015686
2676	3.0	1.0299783945083618
2677	4.0	1.0027581453323364
2678	3.0	1.092397928237915
2679	3.0	1.140175461769104
2681	4.0	1.198004961013794
2682	4.0	0.8353939652442932
2683	3.0	1.1510636806488037
2685	3.0	0.8164966106414795
2686	4.0	0.9553382396697998
2687	4.0	1.0328432321548462
2688	3.0	0.9913421273231506
2689	3.0	1.1153039932250977
2690	4.0	0.9565094113349915
2691	3.0	1.099042534828186
2692	4.0	0.8711633086204529
2693	4.0	0.9644530415534973
2694	3.0	1.0747556686401367
2695	2.0	1.0787197351455688
2696	4.0	1.1580373048782349
2697	4.0	0.8688361048698425
2699	3.0	0.9717745184898376
2700	4.0	1.2353754043579102
2701	2.0	1.0652066469192505
2702	3.0	1.0495508909225464
2703	3.0	NaN
2704	3.0	1.311301827430725
2705	3.0	1.7994707822799683
2706	4.0	1.0870232582092285
2707	4.0	1.0058996677398682
2708	4.0	0.9164949655532837
2709	3.0	1.0925850868225098
2710	3.0	1.3163731098175049
2711	4.0	0.9816871285438538
2712	3.0	1.2596244812011719
2713	2.0	1.1076018810272217
2714	3.0	1.0025362968444824
2715	2.0	1.109775424003601
2716	4.0	0.8842547535896301
2717	3.0	0.9875338673591614
2718	3.0	1.1616369485855103
2719	2.0	1.0725408792495728
2720	2.0	1.0494431257247925
2721	4.0	1.0981268882751465
2722	3.0	1.070651650428772
2723	3.0	1.1459804773330688
2724	3.0	1.0375421047210693
2725	4.0	1.0207258462905884
2726	4.0	0.8457693457603455
2727	3.5	0.761339008808136
2728	4.0	0.8702272176742554
2729	4.0	0.8642134070396423
2730	4.0	1.159388780593872
2731	5.0	0.8698932528495789
2732	4.0	1.0463391542434692
2733	2.0	1.1979575157165527
2734	3.0	0.9053649306297302
2735	3.0	0.9714106917381287
2736	3.0	0.8846783638000488
2737	3.0	0.9960396885871887
2738	4.0	0.9844627976417542
2739	4.0	1.0421112775802612
2740	3.0	0.9963167905807495
2741	3.0	1.117911696434021
2742	2.0	NaN
2743	3.0	0.7696695923805237
2744	4.0	0.9330354332923889
2745	4.0	0.9447111487388611
2746	3.0	1.0504206418991089
2747	3.0	1.0620068311691284
2748	2.0	0.9801048040390015
2749	3.0	0.7689511775970459
2750	4.0	0.9307888746261597
2751	3.0	1.029271125793457
2752	3.0	0.9346456527709961
2753	4.0	0.8264120221138
2754	2.0	0.9374368190765381
2755	3.0	1.0766334533691406
2756	3.0	0.8321900963783264
2757	4.0	0.7809931039810181
2758	3.0	1.0032204389572144
2759	3.0	0.9941261410713196
2760	3.0	1.5118578672409058
2761	4.0	0.9398540258407593
2762	5.0	0.8010271191596985
2763	4.0	0.9433940052986145
2764	4.0	1.0355688333511353
2765	3.0	1.3801311254501343
2766	4.0	0.8703882694244385
2767	3.0	1.2556536197662354
2768	4.0	1.165750503540039
2769	3.0	1.0714402198791504
2770	3.0	0.9918320178985596
2771	3.0	1.0258103609085083
2772	3.0	1.1060863733291626
2773	3.0	1.3280572891235352
2774	4.0	1.1780668497085571
2775	3.0	1.2666473388671875
2776	4.0	1.3634421825408936
2777	1.0	1.4142135381698608
2778	3.0	0.8695734143257141
2779	4.0	0.8647786378860474
2780	3.0	1.1345100402832031
2781	3.0	1.1293686628341675
2782	4.0	0.9845389723777771
2783	2.5	0.9660917520523071
2784	3.0	1.0185178518295288
2785	3.0	1.1718931198120117
2786	2.0	1.1475632190704346
2787	3.0	0.8719924092292786
2788	4.0	0.8048169612884521
2789	3.0	1.0211008787155151
2790	3.0	0.9641101956367493
2791	4.0	0.983847439289093
2792	3.0	1.0420141220092773
2793	3.0	1.1265674829483032
2794	3.0	1.0917104482650757
2795	4.0	0.94869464635849
2796	3.0	1.0812199115753174
2797	4.0	0.8853855133056641
2798	2.0	0.9748409986495972
2799	1.0	1.0022649765014648
2800	3.0	1.3965015411376953
2801	4.0	1.068359136581421
2802	3.0	0.8733150959014893
2803	3.0	0.9614570140838623
2804	4.0	0.9006280303001404
2805	3.0	0.9497796297073364
2806	3.0	1.0736074447631836
2807	1.0	0.8861984014511108
2808	3.0	1.0259941816329956
2809	2.5	1.1909749507904053
2810	4.0	1.1043152809143066
2811	4.0	0.0
2812	3.0	0.9703330397605896
2813	4.0	1.2327630519866943
2814	3.0	0.5175491571426392
2815	3.0	0.9876105189323425
2816	2.0	0.8463495969772339
2817	1.0	0.9537702798843384
2818	1.0	0.8364431858062744
2819	4.0	0.76575767993927
2820	4.0	1.100864052772522
2821	2.0	1.154700517654419
2822	3.0	1.0006808042526245
2823	2.0	1.9148542881011963
2824	4.0	0.7300458550453186
2825	2.5	2.0615527629852295
2826	3.0	1.1404138803482056
2827	2.0	1.0621360540390015
2828	2.0	1.07859206199646
2829	3.0	1.0212109088897705
2830	4.0	1.3684762716293335
2831	3.5	1.2817399501800537
2833	4.0	1.3662601709365845
2834	4.0	1.2935233116149902
2835	3.0	0.9716766476631165
2836	3.0	0.8601776957511902
2837	4.0	1.16087007522583
2839	4.0	0.6749485731124878
2840	3.0	1.1342723369598389
2841	4.0	0.8772174715995789
2842	3.5	0.9422957301139832
2843	4.0	1.0576282739639282
2844	3.0	1.0836316347122192
2845	1.0	NaN
2846	3.0	0.9926524758338928
2847	4.0	0.9139077663421631
2848	4.0	0.9206311702728271
2849	3.0	0.9965458512306213
2850	2.0	1.3801311254501343
2851	2.0	0.9326854348182678
2852	4.0	0.7252058386802673
2853	3.0	1.1333101987838745
2854	3.0	1.026910662651062
2855	2.0	0.8232725858688354
2856	3.0	1.1394633054733276
2857	4.0	1.075431227684021
2858	5.0	0.9751763939857483
2859	4.0	0.7748103737831116
2860	3.0	0.9979987144470215
2861	3.0	1.2110905647277832
2862	3.0	1.1755943298339844
2863	4.0	1.0074456930160522
2864	3.0	1.3067792654037476
2865	3.0	0.9986833333969116
2866	4.0	0.7676657438278198
2867	4.0	1.0035884380340576
2868	2.0	0.9441660642623901
2869	3.0	1.5275253057479858
2870	4.0	0.7992941737174988
2871	4.0	0.9306030869483948
2872	4.0	0.9698270559310913
2873	3.0	0.8387269973754883
2874	4.0	0.9432092905044556
2875	3.0	1.0499093532562256
2876	3.0	1.2321820259094238
2877	3.0	1.0532429218292236
2878	2.0	1.1627765893936157
2879	3.0	0.9489436149597168
2880	4.0	1.0337610244750977
2881	3.0	1.0492559671401978
2882	3.0	1.2780817747116089
2883	4.0	0.9452263712882996
2884	3.0	0.8873875141143799
2885	3.0	0.9315361380577087
2886	2.0	1.346994400024414
2887	2.0	1.2583057880401611
2888	3.0	1.215435266494751
2889	4.0	0.9544857144355774
2890	4.0	0.9955679774284363
2891	4.0	1.0006451606750488
2892	2.0	1.3142575025558472
2893	3.0	1.3288977146148682
2894	3.0	0.9755064845085144
2895	3.0	0.0
2896	3.0	0.9048662185668945
2897	3.5	1.2513151168823242
2898	3.0	1.0116771459579468
2899	4.0	0.9693195819854736
2900	3.0	1.1091797351837158
2901	3.0	1.1609084606170654
2902	2.0	0.9844478368759155
2903	2.0	0.945662260055542
2904	4.0	1.20048987865448
2905	5.0	0.5994460582733154
2906	2.0	1.0357147455215454
2907	2.0	1.237444281578064
2908	4.0	1.0191532373428345
2909	4.0	NaN
2911	4.0	1.3801311254501343
2912	4.0	1.0002737045288086
2913	3.0	1.4037765264511108
2914	2.0	1.1677483320236206
2915	4.0	0.9058958888053894
2916	4.0	0.9357007145881653
2917	4.0	0.8359388709068298
2918	4.0	0.8623597621917725
2919	4.0	0.8809977769851685
2920	4.0	0.9287216663360596
2921	4.0	0.8544024229049683
2922	4.0	0.7946695685386658
2923	3.0	0.7952061295509338
2924	4.0	1.0477876663208008
2925	4.0	0.9639491438865662
2926	3.0	1.0625848770141602
2927	4.0	0.9966972470283508
2928	3.0	1.0209696292877197
2929	4.0	1.0971678495407104
2930	5.0	0.8944271802902222
2931	5.0	1.0593498945236206
2932	4.0	1.016059160232544
2933	4.0	1.3333333730697632
2934	2.0	1.5165750980377197
2935	4.0	0.9376145005226135
2936	4.0	0.9340851306915283
2937	4.5	0.8205263614654541
2938	4.0	1.2101718187332153
2939	3.5	0.9801960587501526
2940	4.0	0.8954318761825562
2941	4.0	0.9434598684310913
2942	3.0	1.0505497455596924
2943	4.0	0.8878769278526306
2944	4.0	0.8254005908966064
2945	3.0	1.020296573638916
2946	4.0	0.963168203830719
2947	4.0	0.8420158624649048
2948	4.0	0.8246394395828247
2949	4.0	0.8134953379631042
2950	2.0	1.0338852405548096
2951	4.0	0.8207747936248779
2952	4.0	0.8978157043457031
2953	2.0	1.075589895248413
2955	1.5	1.4142135381698608
2956	3.0	0.904116690158844
2959	4.0	1.0800213813781738
2960	3.0	1.2583057880401611
2961	3.0	1.1696736812591553
2962	3.0	1.349897027015686
2963	4.0	0.985184371471405
2964	3.5	1.5569978952407837
2965	2.0	1.0873439311981201
2966	4.0	0.899969220161438
2967	4.0	0.991780698299408
2968	4.0	0.9967626333236694
2969	4.0	0.9960855841636658
2970	4.0	0.8957904577255249
2971	4.0	1.0096176862716675
2972	4.0	1.0382121801376343
2973	4.0	0.8952176570892334
2974	1.0	1.0673816204071045
2975	3.0	1.1275712251663208
2976	3.0	1.195860743522644
2977	3.0	1.2399086952209473
2978	3.0	1.0170825719833374
2979	2.0	1.1263964176177979
2981	4.0	1.2798808813095093
2982	2.0	0.9806087017059326
2983	4.0	0.9013023972511292
2984	4.0	1.3333333730697632
2985	4.0	0.993618905544281
2986	2.0	0.981855571269989
2987	4.0	0.964789628982544
2988	4.0	0.7908156514167786
2989	4.0	0.877185583114624
2990	3.0	0.9677065014839172
2991	4.0	0.8468120098114014
2992	3.0	1.2075035572052002
2993	4.0	0.8364339470863342
2994	3.5	1.0801234245300293
2995	2.0	1.074665904045105
2996	4.0	1.1952285766601562
2997	4.0	1.0185176134109497
2998	4.0	1.3301243782043457
2999	4.0	0.8164966106414795
3000	4.0	0.9484688639640808
3001	2.0	0.5163977742195129
3002	4.0	0.8868792653083801
3003	3.5	1.2817399501800537
3004	2.5	1.0691258907318115
3005	3.0	0.9561966061592102
3006	4.0	0.857273280620575
3007	4.0	1.0431911945343018
3008	4.0	1.0784883499145508
3010	4.0	1.034692406654358
3011	4.0	0.949476957321167
3012	3.0	1.5055452585220337
3013	3.0	1.1608599424362183
3014	3.0	1.0769699811935425
3015	3.0	0.9074285626411438
3016	3.0	0.9178358316421509
3017	3.0	1.0516440868377686
3018	4.0	1.2002966403961182
3019	4.0	0.9056466221809387
3020	4.0	1.0234410762786865
3021	3.0	1.4373146295547485
3022	5.0	0.9105353355407715
3024	2.0	1.0738991498947144
3025	3.0	0.9944903254508972
3026	1.0	1.0690449476242065
3027	1.0	0.37796446681022644
3028	4.0	1.025633692741394
3029	3.0	0.8901833295822144
3030	5.0	0.8532394170761108
3031	2.0	1.116247534751892
3032	4.0	1.0014302730560303
3033	3.0	1.1716208457946777
3034	4.0	0.9573106169700623
3035	4.0	0.818787157535553
3036	3.0	1.155045986175537
3037	4.0	0.8445790410041809
3038	4.0	0.8272706270217896
3039	4.0	0.8066542744636536
3040	3.0	1.0024019479751587
3041	1.0	0.8609577417373657
3042	1.0	0.8665803670883179
3043	1.0	1.1319940090179443
3044	4.0	0.8594521880149841
3045	3.0	1.012632131576538
3046	4.0	0.9589619040489197
3047	3.5	0.7838233113288879
3048	2.0	1.0836262702941895
3049	3.0	0.9833450317382812
3050	3.5	1.3601471185684204
3051	3.0	0.9340858459472656
3052	4.0	1.1123346090316772
3053	3.0	1.1756032705307007
3054	1.0	1.2139123678207397
3055	4.0	1.0031569004058838
3056	4.0	0.5163977742195129
3057	4.0	0.0
3058	2.5	1.1146408319473267
3060	4.0	0.8261507153511047
3061	4.0	0.8817703127861023
3062	4.0	0.8765977621078491
3063	3.0	1.0002082586288452
3064	2.5	1.15714430809021
3065	4.0	NaN
3066	4.0	0.9781554341316223
3067	4.0	0.8821272850036621
3068	4.0	0.7596576809883118
3069	4.0	0.7719842195510864
3070	3.0	1.1615910530090332
3071	4.0	0.7731482982635498
3072	4.0	0.9977089762687683
3073	3.0	1.0905934572219849
3074	4.0	0.9955766797065735
3075	4.0	0.8827219009399414
3076	4.0	0.9507506489753723
3077	4.0	0.9062646627426147
3078	4.0	0.9229652285575867
3079	4.0	0.8457691073417664
3081	4.0	0.9395812749862671
3082	3.0	0.972893476486206
3083	4.0	0.9743109345436096
3084	3.5	0.7071067690849304
3085	2.5	2.1213202476501465
3086	4.0	1.093894600868225
3087	3.0	0.9060389399528503
3088	4.0	0.8641940951347351
3089	5.0	0.7930408120155334
3090	4.0	0.8238943815231323
3091	4.0	0.8394396305084229
3092	4.0	1.1239029169082642
3093	4.0	1.1248586177825928
3094	4.0	0.9631836414337158
3095	4.0	0.9391030073165894
3096	4.0	0.8586387038230896
3097	4.0	0.8372124433517456
3098	4.0	0.8747459650039673
3099	3.0	1.0173571109771729
3100	4.0	0.941126823425293
3101	4.0	0.9277530908584595
3102	4.0	0.8606141805648804
3103	3.0	0.8958004117012024
3104	4.0	0.8623805046081543
3105	4.0	0.8584212064743042
3106	3.0	1.1284207105636597
3107	3.0	0.8930049538612366
3108	4.0	1.0246599912643433
3109	3.0	0.9166666865348816
3110	3.0	0.9662877321243286
3111	4.0	0.9182881116867065
3112	3.0	1.1186357736587524
3113	3.0	1.0839953422546387
3114	4.0	0.8929526805877686
3115	3.0	1.0796469449996948
3116	3.0	1.0090500116348267
3117	3.0	1.126510500907898
3118	4.0	0.9151663780212402
3119	1.0	1.154700517654419
3120	3.0	0.9399373531341553
3121	3.5	0.9217771887779236
3122	3.0	0.6768516898155212
3123	1.0	0.0
3124	4.0	1.1473443508148193
3125	4.0	1.1252152919769287
3126	4.0	0.0
3127	4.0	1.1117726564407349
3128	3.0	0.9861787557601929
3129	4.0	0.911252498626709
3130	2.0	0.9500032663345337
3131	3.5	0.7071067690849304
3132	4.0	0.8517407178878784
3133	4.0	1.1106081008911133
3134	5.0	0.9784072637557983
3135	4.0	0.8894782662391663
3136	4.0	1.7320507764816284
3137	4.0	0.75
3138	3.0	1.0110117197036743
3139	3.0	1.1850788593292236
3140	4.0	1.5092308521270752
3141	3.0	0.9482932090759277
3142	3.0	1.0953360795974731
3143	4.0	1.0453722476959229
3144	3.0	0.9304012060165405
3145	3.0	1.033557415008545
3146	3.0	1.2263379096984863
3147	4.0	0.9174684286117554
3148	4.0	0.8978644013404846
3149	2.0	1.3333332538604736
3150	4.0	1.1422793865203857
3151	2.0	NaN
3152	4.0	0.8996642231941223
3153	4.0	0.931532084941864
3154	3.0	0.7559289336204529
3155	4.0	1.0012192726135254
3156	3.0	1.2455353736877441
3157	3.0	1.0278383493423462
3158	4.0	0.9172989726066589
3159	4.0	1.0631707906723022
3160	4.0	1.13221275806427
3161	3.0	1.0202624797821045
3162	3.0	0.9807672500610352
3163	4.0	1.1537786722183228
3164	4.0	NaN
3165	3.0	1.0354374647140503
3166	1.0	0.40824830532073975
3167	4.0	0.9616407155990601
3168	4.0	0.9891895055770874
3169	4.0	0.8338131904602051
3171	4.0	0.7023769617080688
3172	5.0	NaN
3173	3.0	1.0655860900878906
3174	4.0	1.0211411714553833
3175	4.0	0.9567054510116577
3176	4.0	1.0804972648620605
3177	3.0	1.0730215311050415
3178	4.0	0.9488420486450195
3179	3.0	1.0101277828216553
3180	2.0	0.9570485949516296
3181	4.0	1.1532248258590698
3182	4.0	0.9744635820388794
3183	4.0	1.0721451044082642
3184	3.0	1.0
3185	4.0	1.0792549848556519
3186	4.0	0.9806728959083557
3187	3.0	1.0
3188	4.0	1.075097680091858
3189	4.0	0.9340047240257263
3190	2.0	0.9887570142745972
3192	4.0	0.7755317687988281
3194	3.0	1.069705843925476
3196	4.0	0.7870486974716187
3197	3.0	0.8602049946784973
3198	4.0	0.7978125214576721
3199	3.0	0.9517914652824402
3200	4.0	0.8854565024375916
3201	4.0	0.9516162872314453
3202	1.0	NaN
3203	4.0	0.8689190745353699
3204	4.0	0.8528761863708496
3205	1.5	1.8929693698883057
3206	3.0	1.0180639028549194
3207	3.0	0.8366599678993225
3208	3.0	1.1402864456176758
3209	1.0	NaN
3210	4.0	0.9415730237960815
3211	4.0	0.7694640755653381
3212	2.5	0.7071067690849304
3213	4.0	1.0550942420959473
3214	3.0	0.932310163974762
3215	3.0	1.0787197351455688
3216	4.0	2.0816659927368164
3217	3.0	0.9930161833763123
3218	3.0	1.029797911643982
3219	3.0	0.9070308804512024
3220	2.0	NaN
3221	3.0	1.1807154417037964
3222	4.0	0.7914775609970093
3223	4.0	1.0527937412261963
3224	4.0	0.9719228744506836
3225	3.0	1.3053103685379028
3228	1.0	0.0
3229	4.0	NaN
3230	4.0	0.877816915512085
3232	5.0	1.7320507764816284
3233	5.0	0.0
3235	3.0	1.1832159757614136
3236	3.5	2.1213202476501465
3237	1.0	NaN
3238	2.0	1.1191192865371704
3239	2.0	1.0097124576568604
3240	3.0	1.0084866285324097
3241	4.0	1.0235326290130615
3242	4.0	0.5773502588272095
3243	3.0	1.0390467643737793
3244	4.0	0.893334686756134
3245	5.0	0.4472135603427887
3246	4.0	0.9065468311309814
3247	3.0	1.0370357036590576
3248	3.0	1.0607969760894775
3249	3.0	0.9803033471107483
3250	3.0	0.8471692800521851
3251	3.0	0.9362490177154541
3252	4.0	0.9627031683921814
3253	4.0	0.9408864378929138
3254	3.0	0.9744751453399658
3255	4.0	0.8648488521575928
3256	4.0	0.8226398825645447
3257	3.0	1.0366356372833252
3258	3.0	1.0279909372329712
3259	3.0	0.9873723387718201
3260	4.0	0.965796947479248
3261	4.0	0.8580556511878967
3262	3.0	1.2443610429763794
3263	3.0	0.9381742477416992
3264	3.0	1.0035978555679321
3265	4.0	0.9281026124954224
3266	4.0	1.09293532371521
3267	4.0	0.9332398176193237
3268	1.0	1.0125690698623657
3269	3.0	0.9362831115722656
3270	3.0	0.9317263960838318
3271	4.0	0.8283544778823853
3272	3.0	1.152583122253418
3273	3.0	1.1402511596679688
3274	3.0	0.8923236727714539
3275	4.0	1.175223708152771
3276	3.0	1.037462592124939
3277	4.0	NaN
3280	5.0	NaN
3281	4.0	0.8154540657997131
3282	4.0	0.8232726454734802
3283	3.0	0.5163977146148682
3284	4.0	1.031327247619629
3285	3.0	1.086832046508789
3286	2.0	1.0774129629135132
3287	3.0	1.130210041999817
3288	3.5	1.4142135381698608
3289	4.0	1.0406516790390015
3290	3.0	NaN
3291	2.0	NaN
3292	4.0	0.7527726292610168
3293	3.0	1.140175461769104
3294	2.5	2.1213202476501465
3295	3.5	0.7071067690849304
3296	4.0	0.836395263671875
3297	2.0	NaN
3298	4.0	0.9013505578041077
3299	2.0	0.9758114218711853
3300	3.0	1.0756758451461792
3301	3.0	0.9632532000541687
3302	3.0	1.0731585025787354
3303	4.0	1.3784048557281494
3304	4.0	0.8915185332298279
3305	4.0	0.0
3306	4.0	1.0826362371444702
3307	5.0	0.8262312412261963
3308	3.0	0.8793378472328186
3309	4.0	1.3077250719070435
3310	4.0	1.073329210281372
3311	4.0	0.8572331666946411
3312	1.0	NaN
3313	2.0	0.850696325302124
3314	3.5	1.7078251838684082
3315	2.0	NaN
3316	3.0	1.069569706916809
3317	4.0	0.8804687261581421
3318	3.0	1.0516366958618164
3319	3.0	1.1333101987838745
3320	4.0	1.1000460386276245
3321	2.0	NaN
3322	3.0	1.2583057880401611
3323	3.0	NaN
3324	3.0	1.1871051788330078
3325	2.0	1.1086957454681396
3326	3.0	1.109241247177124
3327	4.0	1.2606861591339111
3328	4.0	1.06551194190979
3329	4.0	0.7862781882286072
3330	4.0	0.9459244012832642
3331	2.0	1.0508099794387817
3333	4.0	1.154700517654419
3334	4.0	0.7841733694076538
3335	3.0	1.2309149503707886
3336	3.0	0.0
3337	3.5	0.7071067690849304
3338	5.0	0.8915556073188782
3339	4.0	0.7588533759117126
3340	3.0	1.3587782382965088
3341	4.0	0.8143709301948547
3342	4.0	0.9285465478897095
3343	2.0	1.029998779296875
3344	3.0	1.1424810886383057
3345	3.0	0.814881443977356
3346	3.0	1.0954450368881226
3347	4.0	0.7217817902565002
3349	4.0	1.1180340051651
3350	4.0	0.8553396463394165
3351	3.0	1.0997834205627441
3352	3.0	0.5773502588272095
3353	4.0	0.0
3354	3.0	1.1175068616867065
3355	3.0	1.107678771018982
3357	4.0	1.122005820274353
3358	4.0	1.013160228729248
3359	4.0	0.7981289029121399
3360	4.0	0.8780449032783508
3361	4.0	0.9195595383644104
3362	4.0	0.8331429958343506
3363	4.0	0.8408946990966797
3364	4.0	0.8334610462188721
3365	4.0	0.973416268825531
3366	4.0	0.7847166657447815
3367	3.0	0.8735058307647705
3368	4.0	1.0185173749923706
3370	3.0	0.7902448773384094
3371	4.0	1.0305614471435547
3372	4.0	0.8072320818901062
3373	3.0	0.5773502588272095
3374	3.0	0.8280786275863647
3375	3.0	1.0349656343460083
3376	1.0	NaN
3377	3.5	0.7071067690849304
3378	3.0	0.5
3379	4.0	0.8674785494804382
3380	4.0	1.7320507764816284
3381	3.5	0.7071067690849304
3382	5.0	NaN
3384	4.0	0.8136113286018372
3385	3.0	0.9213776588439941
3386	4.0	0.9911720156669617
3387	3.0	1.0192397832870483
3388	3.0	0.9784243106842041
3389	3.0	0.9838672280311584
3390	1.0	0.9242112636566162
3391	2.0	1.0331671237945557
3392	2.0	1.0107219219207764
3393	2.0	1.0773968696594238
3394	3.0	1.0173805952072144
3395	3.0	0.9182037115097046
3396	4.0	0.9479120969772339
3397	4.0	0.9187105894088745
3398	4.0	0.97504723072052
3399	3.0	1.1289490461349487
3400	3.0	1.2711267471313477
3401	2.0	0.9293127655982971
3402	3.0	0.7751069068908691
3403	3.0	0.9064064025878906
3404	4.0	1.1338157653808594
3405	4.0	0.8351960778236389
3406	4.0	0.829514741897583
3407	1.0	1.154700517654419
3408	4.0	0.8958924412727356
3409	3.0	1.0807552337646484
3410	4.0	0.7071067094802856
3412	3.0	1.0251368284225464
3413	3.5	0.7071067690849304
3414	3.0	0.9435062408447266
3415	4.0	1.3702079057693481
3416	4.0	1.2395448684692383
3417	4.0	0.9836953282356262
3418	4.0	0.9655677676200867
3419	3.0	1.1435436010360718
3420	4.0	0.8781107664108276
3421	4.0	0.9767671823501587
3422	3.0	0.9693885445594788
3423	3.0	1.0695890188217163
3424	4.0	0.9896437525749207
3425	3.0	0.9890671968460083
3426	3.0	0.9710652232170105
3427	3.0	0.763499915599823
3428	3.0	1.0895071029663086
3429	5.0	0.7916916012763977
3430	3.0	1.032423496246338
3431	3.0	1.1586962938308716
3432	2.0	1.1257930994033813
3433	2.0	1.2546014785766602
3434	2.0	1.329177975654602
3435	5.0	0.7407927513122559
3436	3.0	1.0090327262878418
3437	1.0	1.4770978689193726
3438	3.0	1.0945926904678345
3439	2.0	1.0879706144332886
3440	2.0	1.0232666730880737
3441	3.0	1.0114001035690308
3442	2.0	0.9501758217811584
3443	4.0	0.8366599678993225
3444	3.0	1.135081171989441
3445	3.0	0.8670927882194519
3446	4.0	1.1858364343643188
3447	4.0	1.103416085243225
3448	4.0	0.8480020761489868
3449	3.0	0.9687634110450745
3450	3.0	0.9840570688247681
3451	4.0	0.8527028560638428
3452	3.0	1.0065327882766724
3453	2.0	1.1393015384674072
3454	2.0	1.0359004735946655
3456	4.0	1.0735009908676147
3457	3.0	1.1922156810760498
3458	3.0	NaN
3459	3.0	1.1653374433517456
3460	1.0	NaN
3461	4.0	0.9807174801826477
3462	4.0	0.8866778612136841
3463	2.0	0.6324555277824402
3464	2.0	1.234376072883606
3465	3.0	0.8782037496566772
3466	4.0	0.9042374491691589
3467	4.0	0.9053616523742676
3468	4.0	0.7372998595237732
3469	4.0	0.8072962760925293
3470	4.0	0.7575073838233948
3471	4.0	0.9000717401504517
3472	1.5	0.9574271440505981
3473	3.5	1.0179548263549805
3474	3.0	0.910585880279541
3475	4.0	0.8353714346885681
3476	4.0	1.0644546747207642
3477	3.0	1.1441786289215088
3478	3.0	0.8307463526725769
3479	4.0	0.9273029565811157
3480	4.0	0.8911422491073608
3481	4.0	0.9487543702125549
3482	3.0	1.0
3483	3.0	1.1105817556381226
3484	3.0	1.1610163450241089
3485	1.5	0.7071067690849304
3486	3.5	1.3703203201293945
3487	4.0	0.9901848435401917
3488	1.5	1.1126972436904907
3489	3.0	1.070839762687683
3490	2.0	1.3666188716888428
3491	3.0	1.0209919214248657
3492	4.0	1.089409589767456
3493	1.0	0.0
3494	4.0	0.9334429502487183
3495	4.0	0.8660253882408142
3496	3.0	0.9661121964454651
3497	3.0	0.9664886593818665
3498	4.0	0.8206226825714111
3499	4.0	0.8949153423309326
3500	3.0	1.0233221054077148
3501	4.0	0.9975133538246155
3502	3.5	1.0056661367416382
3503	4.0	1.1304199695587158
3504	4.0	0.9106503129005432
3505	4.0	0.8721941709518433
3506	3.0	0.8598078489303589
3507	4.0	0.8099976778030396
3508	4.0	0.8664985299110413
3509	3.0	1.047600507736206
3510	4.0	0.9306800365447998
3511	3.0	1.1763995885849
3512	4.0	0.9750685095787048
3513	3.0	0.9024585485458374
3514	3.0	1.0588202476501465
3515	3.0	1.1873018741607666
3516	4.0	0.8840410709381104
3517	4.5	0.7071067690849304
3518	3.0	0.9721847772598267
3519	3.0	0.9019491672515869
3520	3.0	1.342542052268982
3521	4.0	0.919736921787262
3522	4.0	1.0
3523	3.0	1.2464234828948975
3524	3.0	1.0071543455123901
3525	3.0	1.013908863067627
3526	4.0	0.8860234022140503
3527	4.0	0.983501136302948
3528	3.0	1.1070963144302368
3529	4.0	0.8995645642280579
3530	4.0	NaN
3531	3.0	1.1596245765686035
3532	4.0	1.179184913635254
3533	3.0	1.2535662651062012
3534	3.0	0.9202775359153748
3535	3.0	1.190695881843567
3536	4.0	0.8986099362373352
3537	3.0	0.8060598969459534
3538	4.0	0.9357106685638428
3539	4.0	0.9877795577049255
3540	3.0	1.1745764017105103
3542	3.0	1.4142135381698608
3543	4.0	0.8711544871330261
3544	3.0	1.2802194356918335
3545	4.0	1.053787112236023
3546	4.0	0.983564019203186
3547	4.0	0.8002910017967224
3548	4.0	1.0047682523727417
3549	4.0	1.0262664556503296
3550	3.0	0.9881173968315125
3551	4.0	0.7820659875869751
3552	4.0	1.0442373752593994
3553	3.0	1.0458474159240723
3554	4.0	1.1180181503295898
3555	4.0	0.9412579536437988
3556	4.0	0.9990267753601074
3557	3.0	0.8883720636367798
3559	4.0	0.9589264392852783
3562	3.0	1.0763185024261475
3563	2.0	0.9540735483169556
3564	1.0	0.9561948180198669
3565	3.0	1.0971497297286987
3566	3.0	1.1005501747131348
3567	3.0	0.881175696849823
3568	3.0	1.1509191989898682
3569	4.0	1.531451940536499
3570	4.0	0.8755950331687927
3571	4.0	1.1542125940322876
3572	1.0	0.9267426133155823
3573	1.0	0.7605665922164917
3574	1.0	0.24253562092781067
3575	4.0	1.154700517654419
3576	4.0	0.8725879192352295
3577	3.0	1.0865122079849243
3578	4.0	0.9347891211509705
3579	2.0	1.2397962808609009
3580	3.0	0.9975340366363525
3581	3.0	0.8925824165344238
3584	3.0	0.956161618232727
3585	4.0	0.9581903219223022
3586	4.0	1.1655322313308716
3587	3.0	1.2865350246429443
3588	3.5	0.9070252776145935
3590	3.0	0.8040511012077332
3591	3.0	0.8709782361984253
3592	3.0	1.309307336807251
3593	1.0	0.9554256796836853
3594	3.0	1.0469088554382324
3595	3.0	1.8257418870925903
3596	3.0	1.2949267625808716
3597	3.0	1.2393691539764404
3598	4.0	1.223449945449829
3599	4.0	1.0193263292312622
3600	3.0	1.0382492542266846
3601	4.0	0.0
3602	3.0	0.828899621963501
3603	3.0	1.5275253057479858
3604	4.0	0.9349880218505859
3605	3.0	1.0247907638549805
3606	4.0	0.8359774351119995
3607	5.0	NaN
3608	4.0	1.1859359741210938
3609	4.0	0.8164966106414795
3610	3.0	0.9919461011886597
3611	3.0	1.162919044494629
3612	4.0	1.1290318965911865
3613	4.0	0.8384078145027161
3614	3.0	0.8564990162849426
3615	3.0	1.0182853937149048
3616	2.0	1.0882225036621094
3617	3.0	1.1068068742752075
3618	4.0	1.0109926462173462
3619	3.0	1.077946424484253
3620	3.0	1.0690449476242065
3621	2.0	0.5773502588272095
3622	4.0	0.8478654026985168
3623	3.0	1.1114405393600464
3624	4.0	0.9512014985084534
3625	4.0	0.9810708165168762
3626	2.0	1.355575442314148
3627	4.0	1.1923161745071411
3628	4.0	0.8633342981338501
3629	4.0	0.9165298938751221
3631	3.0	0.5773502588272095
3632	4.0	1.10476815700531
3633	3.0	0.9795262217521667
3634	4.0	0.7296382784843445
3635	4.0	0.8268914818763733
3636	3.0	1.3944333791732788
3637	4.0	0.8870410919189453
3638	3.0	0.9923155903816223
3639	4.0	0.8412846922874451
3640	3.0	0.9962049126625061
3641	2.5	1.4880475997924805
3642	3.0	0.8623164296150208
3643	4.0	0.8051807880401611
3644	3.0	0.7859052419662476
3645	4.0	1.3779305219650269
3646	2.0	1.124745488166809
3647	4.0	NaN
3648	3.0	0.866025447845459
3649	3.0	0.9395431280136108
3651	1.0	0.0
3652	3.0	1.2247449159622192
3653	4.0	0.8720524311065674
3654	4.0	0.7781357765197754
3655	4.0	0.8640202879905701
3656	5.0	NaN
3657	4.0	1.0327956676483154
3658	4.0	1.1482223272323608
3659	4.0	1.3785597085952759
3660	3.0	1.1682699918746948
3661	2.0	1.1192790269851685
3662	2.0	1.1678833961486816
3663	1.0	1.1308788061141968
3664	1.0	1.0608659982681274
3665	1.0	1.1156233549118042
3666	1.5	0.8164966106414795
3667	2.0	0.8178677558898926
3668	4.0	0.9153939485549927
3669	3.0	1.0052183866500854
3670	4.0	1.1105552911758423
3671	4.0	0.9507110714912415
3672	3.0	1.024978518486023
3673	3.0	1.275071144104004
3674	3.0	1.116274118423462
3675	4.0	0.9522834420204163
3676	4.0	1.2663835287094116
3677	4.0	0.9821645021438599
3678	4.0	0.9156705141067505
3679	4.5	0.8715794682502747
3680	4.0	0.9869639873504639
3681	4.0	0.8584290146827698
3682	4.0	0.8092786073684692
3683	4.0	0.8214768171310425
3684	3.0	0.888525664806366
3685	4.0	0.9290737509727478
3686	3.0	0.9194577932357788
3687	2.0	0.0
3688	3.0	1.1565425395965576
3689	2.0	1.0479390621185303
3690	2.0	1.078701138496399
3691	3.0	0.9663322567939758
3692	2.0	1.0597683191299438
3693	3.0	1.217685580253601
3694	1.5	1.0218396186828613
3695	1.0	1.0571479797363281
3696	2.0	1.2123169898986816
3697	3.0	1.0274776220321655
3698	3.0	0.9193817377090454
3699	4.0	0.929797887802124
3700	4.0	1.0374754667282104
3701	3.0	0.9155871868133545
3702	4.0	0.9928266406059265
3703	4.0	1.018303632736206
3704	3.0	0.9711905121803284
3705	3.0	0.9419928193092346
3706	3.0	1.1111329793930054
3707	3.0	1.0898467302322388
3708	3.0	1.009181261062622
3709	2.0	0.9583622813224792
3710	2.0	0.9471337199211121
3711	3.0	1.0234004259109497
3712	3.0	0.9702547192573547
3713	4.0	0.8187236189842224
3714	3.0	0.9589481353759766
3715	2.0	1.0923882722854614
3716	2.0	0.950849711894989
3717	3.0	1.1148569583892822
3718	4.0	1.3728433847427368
3719	3.0	1.1772249937057495
3720	4.0	1.0854932069778442
3721	3.0	1.059805989265442
3722	2.0	NaN
3723	4.0	0.8750044107437134
3724	4.0	0.8600138425827026
3725	3.0	1.1287745237350464
3726	4.0	1.045362949371338
3727	4.0	0.9203174710273743
3728	4.0	0.8481947183609009
3729	3.0	0.9414385557174683
3730	4.0	0.8211957812309265
3731	3.0	0.9034204483032227
3732	3.0	1.0211050510406494
3733	4.0	0.7891560196876526
3734	4.0	0.9281855821609497
3735	4.0	0.76729416847229
3736	4.0	1.151188850402832
3737	4.0	1.0690449476242065
3738	3.0	0.8513988256454468
3739	4.0	1.165475606918335
3740	4.0	1.0243377685546875
3741	4.0	0.8932679295539856
3742	4.0	1.0416057109832764
3743	3.0	1.1727138757705688
3744	3.0	0.9300367832183838
3745	4.0	1.0966519117355347
3746	4.0	1.2750474214553833
3747	4.0	1.0293316841125488
3748	3.0	1.4142135381698608
3749	3.0	1.3200091123580933
3751	4.0	0.9532374143600464
3752	3.0	1.1797335147857666
3753	4.0	1.0650575160980225
3754	2.0	1.2523051500320435
3755	3.0	0.9754350781440735
3756	3.5	0.6593804359436035
3757	3.0	1.286239504814148
3758	3.0	1.1522419452667236
3759	3.0	1.0939096212387085
3760	4.0	1.0294209718704224
3761	3.0	1.1049432754516602
3762	1.0	0.5773502588272095
3763	4.0	0.8500065207481384
3764	3.0	0.9417279362678528
3765	3.0	1.0534048080444336
3766	3.0	1.0398772954940796
3767	2.0	1.0155160427093506
3768	2.0	1.0660295486450195
3769	3.0	0.9285388588905334
3770	4.0	0.8512571454048157
3771	3.0	0.8799950480461121
3772	1.0	1.154700517654419
3773	3.0	0.9922647476196289
3774	2.0	0.9079673886299133
3775	3.5	1.2085224390029907
3776	3.5	1.1671841144561768
3777	2.0	1.2504544258117676
3778	2.5	1.4719600677490234
3779	3.0	NaN
3780	3.0	1.3191829919815063
3781	2.0	1.3500593900680542
3782	3.0	1.1485812664031982
3783	4.0	0.8185649514198303
3784	3.0	1.1470589637756348
3785	3.0	1.224025011062622
3786	3.0	1.0775909423828125
3787	4.0	1.1195787191390991
3788	4.0	0.9856511354446411
3789	4.0	0.875618577003479
3790	4.0	1.0763047933578491
3791	3.0	0.9779441356658936
3792	4.0	1.0330990552902222
3793	4.0	0.9150665402412415
3794	4.0	1.177731990814209
3795	3.5	1.1499468088150024
3796	4.0	0.96076899766922
3797	2.0	1.048104166984558
3798	4.0	1.0681437253952026
3799	1.0	1.0325998067855835
3800	1.0	2.309401035308838
3801	4.0	0.7633219957351685
3802	2.0	0.9882891774177551
3803	4.0	0.8819170594215393
3804	2.0	1.3861358165740967
3805	3.0	1.0668392181396484
3806	3.0	1.0010582208633423
3807	3.0	0.9810878038406372
3808	4.0	1.045224905014038
3809	3.0	1.0288238525390625
3810	3.0	0.9075704216957092
3811	4.0	0.8162632584571838
3812	4.0	0.9004971981048584
3813	3.0	0.930907130241394
3814	4.0	0.8696874380111694
3816	4.0	1.1492468118667603
3817	3.0	1.6007810831069946
3818	2.0	1.3972761631011963
3819	4.0	0.8959217071533203
3820	1.0	1.1746829748153687
3821	3.0	1.1887797117233276
3822	4.0	1.1848770380020142
3823	4.0	1.0666592121124268
3824	2.0	1.0949605703353882
3825	3.0	1.1801204681396484
3826	3.0	1.0770528316497803
3827	3.0	0.9636393189430237
3828	2.5	2.1213202476501465
3830	3.0	1.166190505027771
3831	4.0	0.898834228515625
3832	3.0	1.0555973052978516
3833	3.0	1.2204959392547607
3834	3.0	0.8929547667503357
3835	3.0	0.9823557138442993
3836	4.0	0.8447995185852051
3837	3.0	1.1425468921661377
3838	3.0	1.188407063484192
3839	3.0	1.420739769935608
3840	3.0	1.0729131698608398
3841	3.0	0.9384629130363464
3842	3.0	NaN
3843	3.0	1.3256967067718506
3844	4.0	1.0590170621871948
3845	3.0	0.956044614315033
3846	3.0	1.0076402425765991
3847	3.0	1.485485315322876
3848	3.0	0.96790611743927
3849	4.0	0.8438426852226257
3850	3.0	1.187542200088501
3851	4.0	1.0848610401153564
3852	4.0	0.9778168797492981
3853	4.0	1.1266013383865356
3854	4.0	1.0399898290634155
3855	4.0	1.1316810846328735
3857	2.0	1.271148681640625
3858	3.0	1.079530954360962
3859	4.0	0.9214892983436584
3860	3.0	0.910585880279541
3861	3.0	1.0614591836929321
3862	3.5	1.2096104621887207
3863	3.0	1.0620343685150146
3864	3.0	1.3646990060806274
3865	3.0	1.1351670026779175
3866	3.0	1.7224013805389404
3867	3.0	1.2309149503707886
3868	4.0	1.086969017982483
3869	3.0	1.0327767133712769
3870	4.0	0.9354142546653748
3871	4.0	0.9919548034667969
3872	4.0	0.9655795693397522
3873	4.0	1.0508748292922974
3874	3.0	1.2510864734649658
3875	4.0	1.6431676149368286
3876	2.0	0.8164966106414795
3877	2.0	0.9688860774040222
3878	3.0	1.267304539680481
3879	3.0	1.0252960920333862
3880	4.0	1.294785976409912
3881	5.0	NaN
3882	3.0	0.9549875855445862
3883	3.0	1.1629191637039185
3884	2.0	0.9789450168609619
3885	4.0	1.27520751953125
3886	3.0	1.132277011871338
3887	3.0	0.8164966106414795
3888	4.5	0.7071067690849304
3889	2.0	1.1614793539047241
3890	3.0	NaN
3891	2.0	0.48794999718666077
3892	3.0	1.5670212507247925
3893	4.0	0.9816797971725464
3894	3.0	1.2090924978256226
3895	2.0	1.0218393802642822
3896	4.0	1.2012358903884888
3897	4.0	0.8115891218185425
3898	3.0	0.9145292043685913
3899	1.0	1.154700517654419
3900	3.0	1.1926226615905762
3901	3.0	1.2347544431686401
3902	3.0	1.1539158821105957
3903	3.5	1.163159966468811
3904	1.0	NaN
3905	3.5	0.9910312294960022
3906	3.0	0.8838834762573242
3908	2.0	1.166655421257019
3909	3.0	0.9925122857093811
3910	4.0	1.2511682510375977
3911	4.0	0.8752134442329407
3912	2.0	1.0907535552978516
3913	3.0	1.5731492042541504
3914	4.0	1.1761075258255005
3915	4.0	1.220630168914795
3916	4.0	0.9913731217384338
3917	3.0	1.2430472373962402
3918	3.0	1.131368637084961
3919	2.0	0.9965195655822754
3920	4.0	1.106138825416565
3921	3.0	1.1689001321792603
3922	3.0	1.2715085744857788
3923	3.0	0.9822925329208374
3924	3.0	1.128647804260254
3925	4.0	1.0096571445465088
3926	3.0	0.8102965354919434
3927	4.0	0.822498619556427
3928	4.0	1.0747684240341187
3929	4.0	0.9686635732650757
3930	3.0	1.0789356231689453
3931	2.0	1.0183501243591309
3932	4.0	0.9104967713356018
3933	2.5	1.2382783889770508
3934	3.0	1.2317451238632202
3935	3.0	0.9534626007080078
3936	4.0	0.8616958260536194
3937	3.0	0.8531158566474915
3938	2.0	1.0715166330337524
3939	1.0	1.3109010457992554
3940	1.0	1.2798810005187988
3941	1.5	1.2527027130126953
3942	1.0	1.133893370628357
3943	3.0	1.2512712478637695
3944	2.0	1.3642255067825317
3945	1.0	1.0321520566940308
3946	2.0	1.0789072513580322
3947	4.0	1.1840693950653076
3948	4.0	1.0141938924789429
3949	4.0	1.009804129600525
3950	4.0	1.0461069345474243
3951	4.0	1.057330846786499
3952	4.0	0.9350738525390625
