1962	0.6204366087913513	252
1963	0.6801198124885559	251
1964	0.7807906270027161	253
1965	0.7972620725631714	252
1966	0.9448016285896301	252
1967	0.9959359169006348	251
1968	0.8607527613639832	226
1969	0.9136396050453186	250
1970	1.057185173034668	508
1971	1.14298415184021	506
1972	1.1644424200057983	502
1973	1.2498215436935425	504
1974	1.108952522277832	506
1975	1.1397234201431274	506
1976	1.5123121738433838	506
1977	1.335618495941162	945
1978	1.2348567247390747	1260
1979	1.3682693243026733	1265
1980	1.7540984153747559	1518
1981	2.0219414234161377	1520
1982	2.5920772552490234	2277
1983	4.689785003662109	3857
1984	5.1186113357543945	7025
1985	6.0577592849731445	11682
1986	7.701271057128906	11926
1987	8.056772232055664	12764
1988	7.0477681159973145	14151
1989	8.519124984741211	14631
1990	7.921102046966553	15783
1991	8.460229873657227	16868
1992	9.199504852294922	18513
1993	11.483487129211426	20199
1994	11.49349594116211	22394
1995	12.950835227966309	24119
1996	15.546545028686523	25343
1997	19.698150634765625	26376
1998	24.38970184326172	28439
1999	26.35348129272461	29620
2000	30.4838809967041	30411
2001	30.473323822021484	31928
2002	26.918262481689453	35883
2003	26.23969078063965	37517
2004	31.981698989868164	40713
2005	33.72657775878906	42489
2006	38.75820541381836	44615
2007	42.60756301879883	48055
2008	32.33978271484375	50053
2009	23.564985275268555	50338
2010	28.981517791748047	5024
